Date,Open,High,Low,Close,Volume
2017-10-12,121.91071658992989,122.84564662500343,121.63310925351998,122.39253997802734,1328400
2017-10-13,122.99880059624915,123.54124897540136,122.44677023318,123.11685180664062,2194500
2017-10-16,123.327459450222,123.37532555305388,122.15641239613646,122.55207824707031,1422300
2017-10-17,122.70844061273728,122.84884007169259,121.70650964232728,122.10855865478516,1557000
2017-10-18,122.4723138273203,122.92541316889576,122.07983222486601,122.55846405029297,1360800
2017-10-19,122.37659525025906,123.71677327473834,122.20429478512234,123.66890716552734,1151700
2017-10-20,124.28157090143252,124.635753861776,123.59872286394088,124.34857177734375,1587600
2017-10-23,124.47300896211213,124.54640756022741,122.92543056005978,123.35301208496094,2357100
2017-10-24,122.03835560262564,125.75254343566239,122.00963886013804,124.09648132324219,2487300
2017-10-25,124.48257133043612,125.53238303817339,123.04667570881149,125.25476837158203,2174700
2017-10-26,125.59939189876172,127.06720322184955,125.025042377569,126.51837158203125,1793400
2017-10-27,126.53108512086597,126.99376638419501,125.37280444087268,126.77040100097656,1804800
2017-10-30,126.71938005219135,127.00656209630118,125.6249157124779,125.8004150390625,1234800
2017-10-31,125.82911190817538,126.7799923789857,125.7876289278362,126.08756256103516,1335300
2017-11-01,125.28985329077489,126.41943197384427,124.90057055917929,126.28541564941406,1125900
2017-11-02,126.65555761524762,126.65555761524762,124.72826397562889,125.11756134033203,1535700
2017-11-03,125.46532961603873,127.03524110324122,125.08243007542589,126.71295928955078,1021500
2017-11-06,126.03334923103863,126.91083126686948,125.51641862465227,125.70149993896484,1134600
2017-11-07,125.93122386088264,126.37157157914932,125.51322436993371,125.72382354736328,971700
2017-11-08,125.93122970521034,126.48644441632021,124.92609987659223,126.20246124267578,1121700
2017-11-09,125.98546565741694,125.98546565741694,122.81692541115584,123.49657440185547,1343700
2017-11-10,123.33385134479086,124.50171422488637,123.33385134479086,124.27198028564453,750300
2017-11-13,123.65614663652023,124.68361017320454,123.43278118767067,124.35176086425781,909600
2017-11-14,124.2017716140845,124.51128724366033,123.39447480752354,124.16667175292969,814200
2017-11-15,123.33385784049058,123.64337350865715,122.56485966295564,123.1551742553711,1002600
2017-11-16,123.14556037483675,124.34797220951216,122.92170196854664,124.08895111083984,1526100
2017-11-17,123.58366150985083,124.17847015758274,123.31503730513828,123.7531509399414,968100
2017-11-20,123.60606074265753,124.57183442100587,123.5229116590473,123.98021697998047,676800
2017-11-21,124.37675394149619,124.79569063742434,123.85550581332815,124.76051330566406,1046400
2017-11-22,124.96196770480844,125.27216646530685,124.35757052572879,124.89801025390625,977400
2017-11-24,125.35852042253471,126.28911669627557,125.33932879574733,126.00769805908203,444600
2017-11-27,125.99811034464152,126.31791227454408,124.69016641756087,124.7861099243164,1518600
2017-11-28,125.4032771580375,127.16533479780298,125.16983028526948,127.13015747070312,1762200
2017-11-29,127.16215174303491,127.58748566841886,125.53761183473827,125.9853286743164,1395300
2017-11-30,126.04290952400467,128.65560648063317,125.94056879234445,127.73140716552734,2121300
2017-12-01,127.88167699121661,128.47329441688373,125.1218740720823,126.34028625488281,1964400
2017-12-04,127.03744988558348,131.32586424116485,127.03744988558348,130.13302612304688,2682300
2017-12-05,129.8771865844425,130.8333717788732,128.98497348498816,129.69171142578125,1683600
2017-12-06,128.85068852142436,129.47748343399252,127.71221921366279,128.2974395751953,1116900
2017-12-07,128.24628640315038,130.0307277545052,128.24628640315038,129.9859619140625,1127700
2017-12-08,129.98590250411587,132.38753458217053,129.83879598841796,130.74700927734375,1727400
2017-12-11,130.5679269389549,131.07960117973838,129.66291950286316,130.3984375,938700
2017-12-12,130.71500771299472,131.06678093942992,129.9379153304693,130.16177368164062,1066800
2017-12-13,130.28974505912052,130.65429822004106,129.63096413522592,129.6597442626953,1518600
2017-12-14,130.23535489121895,130.6894542853102,127.27728234239152,127.99041748046875,1335900
2017-12-15,128.6907718982478,129.65014846365563,128.08956590208183,129.13848876953125,2597700
2017-12-18,129.68531929069215,130.70546198109258,129.68212800528013,130.52317810058594,1209300
2017-12-19,131.1147990149046,132.37157994329033,130.82698312438382,131.71279907226562,1263600
2017-12-20,132.05817461274486,132.70735234648222,131.5273233035283,132.502685546875,1122900
2017-12-21,132.9535987592865,132.9535987592865,131.479356561033,131.6040802001953,1255500
2017-12-22,132.07417092565433,132.30441191885723,131.40899286804074,132.1029510498047,1208700
2017-12-26,131.67759215506283,132.27560671700073,131.48892574116218,131.5592803955078,548400
2017-12-27,131.95584937244055,131.97823228772498,130.9197209480346,131.1787567138672,1040100
2017-12-28,131.46015911917286,132.12851376515377,130.47519385720992,132.09654235839844,920400
2017-12-29,132.32997453986246,132.93757758987073,130.91969018021098,131.12754821777344,1086600
2018-01-02,131.3034503871157,132.3235929871148,131.03803208125402,132.29800415039062,1099500
2018-01-03,132.58902856783573,132.95997887417545,131.8183185548849,132.82887268066406,1014600
2018-01-04,133.66356217227147,134.83719422110318,132.074199237909,132.10617065429688,1669500
2018-01-05,133.15186352992956,134.9490988994759,132.7873103992406,134.84356689453125,1619100
2018-01-08,134.8211777593191,135.7805542549459,134.64529109252595,135.5918731689453,1276200
2018-01-09,135.7229845522673,136.65677214442675,135.4959348633855,135.65902709960938,1569600
2018-01-10,134.9267434592763,135.2689283833844,133.93218938188681,134.16244506835938,1050600
2018-01-11,134.5013591564856,136.042749616841,134.46297590780046,136.02676391601562,898200
2018-01-12,136.7367685085839,138.75784800493386,135.68463956968935,138.4188690185547,3062100
2018-01-16,138.88571201583088,139.15754214581153,135.09298708578436,135.55027770996094,2764500
2018-01-17,136.36256927595926,137.80801644229888,135.11856831638485,136.5320587158203,2194500
2018-01-18,136.54805952887637,138.6203162902189,136.23786073564074,137.75367736816406,1922100
2018-01-19,137.9775129415879,138.5978957864057,137.19400859697527,137.76644897460938,1959600
2018-01-22,137.51062667630637,137.76007393501666,135.30726372457397,136.6088104248047,1710900
2018-01-23,136.55122786805634,137.2579803466797,135.54389441957917,137.2579803466797,2137800
2018-01-24,137.61935489689708,138.7770008961823,136.50328343779861,137.31234741210938,2255100
2018-01-25,134.0089034354118,137.80164346589885,133.03673255228944,135.8029327392578,4416900
2018-01-26,135.8157169306718,136.15790173238472,133.77544645498685,135.48953247070312,2871900
2018-01-29,135.52795194947237,136.65042099281212,134.13685858664587,134.5653839111328,2216400
2018-01-30,134.19757676408793,135.00664071929043,132.90561868045185,134.74761962890625,1974900
2018-01-31,134.9363074211131,135.0610310584731,133.19664690273407,133.38851928710938,2184600
2018-02-01,132.6433761588865,133.2765680979697,130.59991437573203,131.79592895507812,2628900
2018-02-02,131.72243096368487,132.32363707671877,128.70359133696272,128.9178466796875,1980600
2018-02-05,127.91691789162574,130.0659274641979,125.74873132066756,125.75192260742188,3576900
2018-02-06,124.07935182488248,129.84840505992892,122.76501074630802,129.5158233642578,3170400
2018-02-07,129.74290521679157,131.43460887629044,128.75795430453613,129.02976989746094,2379000
2018-02-08,129.11607815061254,129.47424868361398,123.87789083129358,123.96742248535156,2378400
2018-02-09,125.15707216547928,128.7163658043505,121.99752365756876,127.55232238769531,3061800
2018-02-12,128.49567277285072,130.02109239032214,126.50977121640265,129.09689331054688,1611900
2018-02-13,128.5916156360761,130.24493550929188,128.06395568539378,129.75885009765625,1312200
2018-02-14,128.87624493538812,130.52318248610828,128.36777653527156,129.72689819335938,2192400
2018-02-15,130.63510298476126,130.801386515927,127.94884589765465,128.26544189453125,2195700
2018-02-16,128.00957923144185,129.43586397673437,127.08858613411827,128.65237426757812,2297400
2018-02-20,128.3453930108892,128.65240053195353,126.26354766504147,126.85195922851562,1653900
2018-02-21,127.306061447559,129.66292804537622,126.8519474181746,126.99905395507812,1595100
2018-02-22,127.73139657708418,128.46372342841175,126.6408991530258,127.5587158203125,1615200
2018-02-23,128.00415784781111,128.37912247865324,126.50428465389086,127.61637115478516,1811700
2018-02-26,128.37914395946035,129.79567398620412,127.94969282775573,129.53929138183594,1518300
2018-02-27,129.58736845043143,129.95270926517725,127.94969446938187,128.00418090820312,1485300
2018-02-28,128.57143942663185,131.26350096242638,128.2349262331994,128.6996307373047,2775000
2018-03-01,128.6995890255155,128.89187592920416,126.08764423778915,127.07473754882812,2257800
2018-03-02,126.63570351221496,126.87286767854077,124.90509167993594,125.06533813476562,2024700
2018-03-05,124.30900626294338,126.5876367735928,124.15517082942118,125.98193359375,2588100
2018-03-06,125.97554090971731,129.9879821363756,125.29611809501694,128.52337646484375,1613400
2018-03-07,127.06837014568384,131.17696188105603,126.7382826490461,130.6930389404297,1932600
2018-03-08,130.8404110388074,131.0807733224791,128.69638357620948,129.5873260498047,1563900
2018-03-09,130.6321283518694,135.06762362811384,129.6706789292857,134.9746856689453,2475000
2018-03-12,134.92339569756814,134.99711523014687,132.71207379017386,133.08062744140625,1304700
2018-03-13,133.78567374767192,134.2151248487738,131.4813993122582,132.60630798339844,1264500
2018-03-14,133.16394741271483,133.16394741271483,130.62572144378177,131.08401489257812,1375200
2018-03-15,131.51344618742772,131.84354828209734,130.3404768581883,131.48460388183594,1085700
2018-03-16,131.33396204274703,131.75698735284365,130.5487795346256,131.08718872070312,2133000
2018-03-19,130.94299350940526,131.2025889535652,129.02330757243652,129.90142822265625,1116900
2018-03-20,130.28923691162126,131.21863130288344,129.63865643657095,130.0873260498047,1030800
2018-03-21,129.89821122259812,131.36601455804666,129.69308757329685,129.86935424804688,1165500
2018-03-22,128.96563094924755,129.13868480904424,125.89219381243632,125.98193359375,1689600
2018-03-23,126.42739270137012,126.91772659373363,124.23527466293454,124.48204803466797,1775400
2018-03-26,125.79605204728865,127.02670626287781,124.63590452125581,126.56841278076172,1351500
2018-03-27,126.92414500124283,127.72534795788393,124.57820607844859,125.21917724609375,1401300
2018-03-28,125.61335160984277,125.92743347504442,123.28664594515092,123.46612548828125,1791900
2018-03-29,124.33783606259213,126.73504842332456,124.0718295968308,125.66783905029297,1682700
2018-04-02,125.37298832905988,126.25753463378965,121.18748697790964,122.38609313964844,1836600
2018-04-03,122.9854085316071,126.63571392382728,122.53353344378819,125.95629119873047,2206200
2018-04-04,124.21287946724082,127.27029694982286,123.69049026487149,127.05877685546875,1799400
2018-04-05,127.65164457488588,128.87908581690175,126.30560657428593,127.17411804199219,1773900
2018-04-06,126.09406687526598,127.13243385542694,123.32189008122857,123.61354064941406,2106300
2018-04-09,124.61665060808016,126.75428221702028,123.8923654058389,124.70639038085938,1454700
2018-04-10,125.83771020200517,126.31843493965222,124.12954416111357,124.40194702148438,2121900
2018-04-11,123.52700017694073,125.10377641940647,123.43086405065672,124.54934692382812,1772100
2018-04-12,125.07815508871691,125.76718694228458,123.67443258472652,123.914794921875,1501500
2018-04-13,124.37628783181269,125.25442312042284,123.18088716485946,123.52381134033203,1736700
2018-04-16,124.26093415295138,124.82818582474074,123.7513671026247,124.31861877441406,2132700
2018-04-17,125.10061093366632,128.1131508615153,124.74166644770273,127.6869125366211,2817900
2018-04-18,127.55231266219158,129.5425056145682,127.29912820725593,128.4752960205078,1866300
2018-04-19,128.420798825436,129.6033774375568,126.64211163057251,126.97221374511719,1991400
2018-04-20,127.41766647747737,127.41766647747737,125.0557077788081,125.75434875488281,1930500
2018-04-23,125.61335428497982,125.62938919954735,124.04939996890292,124.25450897216797,2231100
2018-04-24,122.29956591681425,124.27374563131454,117.41220303745378,118.2839126586914,7386300
2018-04-25,117.92176896395497,120.78367851794548,117.0917163871205,119.45046997070312,3668400
2018-04-26,119.6555772916632,119.96324079822939,117.26157040196777,118.98577117919922,3774000
2018-04-27,118.98576555649521,120.76123983328222,118.3512054780957,120.22603607177734,2651700
2018-04-30,120.18438237183726,121.69065214372672,117.79677907948711,117.82882690429688,2572500
2018-05-01,116.68470197425147,119.88633014582776,116.13026509348396,119.8030014038086,3220200
2018-05-02,119.94080325850572,119.96323453318671,118.81590930905256,118.9408950805664,2925000
2018-05-03,118.8543743036379,119.45046822118692,117.19426917428345,118.65887451171875,2064900
2018-05-04,118.32238153361925,122.158562899743,117.93139657791923,120.99200439453125,1836900
2018-05-07,121.06249914037714,121.79961375780562,120.32218634231997,121.35093688964844,1585800
2018-05-08,120.8061253762195,122.70979118760589,120.6747285556056,121.12340545654297,1476600
2018-05-09,121.73551886172076,122.54633834414823,120.29013926109002,122.04318237304688,1536900
2018-05-10,122.22265181576408,122.74503353528914,121.25158590021418,121.92780303955078,1753800
2018-05-11,121.60410373973514,123.45648822534844,121.60410373973514,122.13289642333984,1656300
2018-05-14,122.46621349926566,123.37958747340636,122.27392655795498,123.25139617919922,1833600
2018-05-15,122.91809917230258,123.26743439539892,121.379781594786,121.67142486572266,2072700
2018-05-16,121.67140899776139,122.66490609546055,120.84776754786697,122.14251708984375,2276700
2018-05-17,121.68642517416916,122.88131675418443,121.49049056865883,122.13290405273438,1168500
2018-05-18,122.10075718807974,124.88241630596126,121.78597237027259,124.49054718017578,2303100
2018-05-21,124.94987371447208,126.6554770182702,124.6061740194232,125.52483367919922,1965900
2018-05-22,125.61800141121562,126.0805367264739,120.45940269347533,120.7645492553711,3249000
2018-05-23,120.77418567585214,123.50445556640625,120.71315048292813,123.50445556640625,3694800
2018-05-24,123.051549383147,124.49055953432773,121.5161709716657,124.14043426513672,3125700
2018-05-25,124.00230932577351,126.2668308757956,123.89951554513456,125.9937973022461,2874000
2018-05-29,124.98523849320938,125.71758737257385,123.92204089509895,124.61905670166016,3083700
2018-05-30,124.77000561808178,125.27109411157312,122.46052714302526,123.745361328125,2177700
2018-05-31,123.84814942446924,124.30105382011094,121.72817984914214,121.818115234375,4695900
2018-06-01,122.59863892211186,124.84708941442878,122.43481729887736,123.98625946044922,2011800
2018-06-04,124.32352557899569,124.67685626304322,123.02263493084426,124.25928497314453,1275000
2018-06-05,124.28821274075351,125.79788927958154,123.81925183058841,125.40922546386719,1653000
2018-06-06,125.4349203814783,127.10841113087952,123.75500410044225,127.06024169921875,1890300
2018-06-07,126.9959725448103,127.92105785088823,126.39853050147312,126.90282440185547,1420800
2018-06-08,127.21118537884921,127.90499565142531,126.44348885569678,127.8568115234375,1461000
2018-06-11,127.7058707663668,128.41251752075144,126.98957836244978,128.00779724121094,1243800
2018-06-12,128.4831992836759,129.4885819248214,127.96927430892868,129.26695251464844,2345100
2018-06-13,129.12558439543014,129.3729158672423,126.88355937777833,127.24652099609375,2662800
2018-06-14,127.71548166483672,129.2026759074645,126.97028183676369,128.86862182617188,1346100
2018-06-15,127.97885635517562,129.61701364184628,127.7957655065734,129.16090393066406,2874300
2018-06-18,128.48319085629527,128.48319085629527,127.62556611276308,127.94998931884766,1652700
2018-06-19,127.1308637466133,128.0720054131176,126.62336449466592,127.71546936035156,1642800
2018-06-20,127.72511469934982,128.47996018779423,126.70689596375391,127.80863189697266,1168500
2018-06-21,127.09552193414164,128.15551377984772,126.80322649925759,126.9991683959961,1761900
2018-06-22,127.52278452765343,128.12985761726966,126.80327197970173,127.24011993408203,1559400
2018-06-25,127.11164326000329,127.57738406953699,125.42208116999261,126.86109161376953,2217900
2018-06-26,127.43923024111659,129.30866251180618,127.15014019963454,128.73690795898438,1832100
2018-06-27,128.8044014404722,130.63528099606984,127.6801686392592,128.00779724121094,1968900
2018-06-28,128.10094566484614,130.79267003938128,127.84720332592994,130.04747009277344,2249700
2018-06-29,130.2819440187815,132.6363940232735,130.2819440187815,130.91473388671875,2359500
2018-07-02,130.33010264795277,131.0046362828338,129.600959358141,130.65452575683594,1366800
2018-07-03,130.73486961051105,132.61393351712275,128.54101342582396,130.70916748046875,1140300
2018-07-05,130.7958641450318,131.74021127813117,129.77442534951376,131.6502685546875,1324200
2018-07-06,131.53784560939656,133.10213147644095,130.9500345412507,132.8451690673828,1236900
2018-07-09,133.30130158732237,134.4191088429178,132.99294958451932,133.3559112548828,1350300
2018-07-10,133.24988388772977,134.65356084052024,132.56249917866666,134.5475616455078,1502400
2018-07-11,133.69317650608465,134.26171104130523,133.05718124444834,133.3912353515625,1579200
2018-07-12,134.03044271991388,134.09147791811253,132.1288970750471,133.00579833984375,1948500
2018-07-13,133.15674524904884,135.80349049233772,133.0154129789536,134.3901824951172,1618800
2018-07-16,134.39017071447117,134.82701854805904,133.465085509147,133.8955078125,1567800
2018-07-17,133.8345152300476,136.5133884509358,133.49403557527572,136.3078155517578,1525200
2018-07-18,136.3078212205325,138.71045549857945,136.3078212205325,137.0048370361328,1725300
2018-07-19,136.51335431412772,137.86564164956476,135.9865637828976,137.82388305664062,1721400
2018-07-20,136.7221751857725,137.33568850717694,135.65255202063008,136.87313842773438,1792800
2018-07-23,136.80888802957864,137.15258779860008,134.04971774694155,135.41163635253906,2668800
2018-07-24,136.19218526691512,139.72547812063604,134.2649372928374,138.04876708984375,4554000
2018-07-25,138.4534544955674,140.8207699964547,137.1589967752047,140.4610137939453,2673600
2018-07-26,141.32508177067086,144.44400831759546,139.14728239146638,144.2320098876953,3939300
2018-07-27,144.22238149819609,144.81019266356688,142.22767297343935,142.54246520996094,2482800
2018-07-30,142.43646060711885,142.85723734082424,140.90108208001078,141.4214324951172,1597200
2018-07-31,141.33149857992407,142.76408324842484,140.90750174629082,141.56597900390625,2122500
2018-08-01,140.9492488534413,141.68159760398711,139.54877725116683,140.7693634033203,1675500
2018-08-02,140.65053361576756,141.64306493440262,139.89248271161318,140.80792236328125,1701300
2018-08-03,141.72015443975366,143.05959088744396,141.22869690830186,142.25656127929688,1577100
2018-08-06,142.0188708895246,143.1880674929297,141.78117036899883,142.75442504882812,1311000
2018-08-07,142.61635612733724,143.23628033143518,141.47928683222327,142.645263671875,1051500
2018-08-08,142.74804710272542,143.7919681557386,142.31440455873812,142.50714111328125,984900
2018-08-09,142.79619954278382,143.0563820974637,141.9321493792795,142.63238525390625,1293600
2018-08-10,142.43323291100623,142.9086192846158,141.23192326669343,142.29190063476562,1521900
2018-08-13,142.7448043619393,143.54140847092629,139.14727156873136,139.7736358642578,2430000
2018-08-14,139.72543097755107,141.46638203983682,139.36567481092428,140.15585327148438,1872000
2018-08-15,139.9310158969599,141.2447501917902,139.1729650214971,140.88821411132812,1744500
2018-08-16,142.040402759146,142.61650707847465,140.8206450640207,142.36546325683594,1742700
2018-08-17,142.57467286985144,143.20547943063468,141.96639248398557,142.70018005371094,1217700
2018-08-20,142.8771578247144,143.17646564592846,141.80866013612555,142.91578674316406,1272300
2018-08-21,143.2183432551836,144.50570901550128,142.9319116661596,143.1539764404297,1893600
2018-08-22,143.21831497024073,143.5047612353125,141.251878966,141.3130340576172,1323300
2018-08-23,141.39349582735304,141.9180948659816,140.08683052927267,141.55120849609375,1540500
2018-08-24,141.60269074836353,144.47671484119599,141.470730702436,143.98751831054688,1879500
2018-08-27,144.3608834545649,147.215593890865,143.94249176099072,146.44961547851562,2661000
2018-08-28,146.55901956516527,147.69188419883204,145.371437989572,145.67074584960938,2238600
2018-08-29,145.35535085428612,147.2252443516708,145.0270786326955,146.89695739746094,1209900
2018-08-30,146.73604507959325,147.61144256556125,146.17925521124832,146.82937622070312,1422000
2018-08-31,146.35949242668886,147.72408650987808,145.78340283398126,146.62339782714844,1313100
2018-09-04,146.18247886866723,148.02983139005602,145.9410996442316,147.83673095703125,1287900
2018-09-05,147.3990115470381,148.68637711620104,147.3990115470381,148.58016967773438,1689000
2018-09-06,148.68961784619918,149.63904682391583,147.96869180815705,148.8151397705078,1284600
2018-09-07,148.06847480862612,149.89651304584842,147.8914623778734,148.8569793701172,1641900
2018-09-10,149.65512264324144,150.6882328195971,149.2174165320737,150.30201721191406,995400
2018-09-11,150.3020017660218,151.54752671545106,149.13050821957424,151.0808563232422,1944900
2018-09-12,151.24176262265996,151.50568272686857,149.65510394994843,150.6688995361328,1412400
2018-09-13,150.9553565435044,151.7889281643065,150.4886860829083,151.2224884033203,1080000
2018-09-14,151.2192200492104,151.2353227980444,150.20221286278846,150.61416625976562,1174800
2018-09-17,149.31400609535754,151.2514785053721,149.14343179577995,151.09378051757812,1796400
2018-09-18,151.23534565834268,152.75442588089268,150.86844454436357,152.223388671875,994500
2018-09-19,152.06886869716107,153.90978254730268,151.79208706775358,152.88633728027344,1989300
2018-09-20,153.25005283170006,154.30891558710732,152.72545375285793,153.83258056640625,1494900
2018-09-21,154.36683789982936,154.36683789982936,150.4886677683223,151.25143432617188,5647500
2018-09-24,150.37284004876582,151.17743266707384,148.9245644962389,150.1700897216797,2667600
2018-09-25,150.73006934830312,150.73006934830312,147.83674482711365,148.56088256835938,2160000
2018-09-26,148.41925749727878,148.87305161415117,147.10615393768137,147.43765258789062,1619700
2018-09-27,147.92041019580853,148.06202012460193,146.09235743004234,146.6040802001953,1935300
2018-09-28,146.56866978515447,147.40224129342292,145.989368525405,146.50430297851562,2406900
2018-10-01,147.67578727430205,148.84084260725658,147.05141897624168,147.08038330078125,1976100
2018-10-02,147.45373959045784,148.03947903511042,145.98937624620797,146.11488342285156,1820100
2018-10-03,146.4785676028227,146.65879171797292,141.77649053133888,142.32040405273438,4476600
2018-10-04,141.8987834954571,142.47809948754528,140.61465907395288,141.37741088867188,2236800
2018-10-05,141.60914478575373,142.56499705103357,140.86569267627752,142.23672485351562,1848900
2018-10-08,142.31715715143366,142.94152540959809,141.2518711672111,142.4330291748047,1512300
2018-10-09,137.56361505533494,140.0321239458095,135.7838412718754,136.69464111328125,3801000
2018-10-10,135.861103712315,136.60132942068046,133.31213963833912,133.49559020996094,3026400
2018-10-11,132.8744577729864,134.80549196114836,130.1484807844945,131.05929565429688,2781600
2018-10-12,133.2702713739601,133.8109583786878,129.74935295745166,130.97877502441406,2586300
2018-10-15,130.888687606213,131.02707108591747,129.17649222195968,129.47581481933594,1985100
2018-10-16,130.09374663620738,133.64684159886474,129.3856970122655,133.54063415527344,2589900
2018-10-17,133.04177179909092,133.16085553662663,131.09786200905197,132.16958618164062,2503500
2018-10-18,132.12456186592823,132.9677686059731,129.81697695311473,130.9305419921875,2580600
2018-10-19,131.15584418087332,131.6160765692228,129.1121642792419,129.8234405517578,2690100
2018-10-22,130.66019767528988,130.88227720423427,129.2247984113218,129.9457244873047,1754400
2018-10-23,127.95028650250167,130.3254495067513,124.87672380208627,129.3631591796875,2438700
2018-10-24,129.27305028158506,129.9328211103633,124.32960873073817,124.8413314819336,2993100
2018-10-25,118.43672943115236,121.25604419076045,114.34294010894327,118.43672943115234,7341300
2018-10-26,117.74478358768175,121.62616566990813,115.27306266874196,119.22203063964844,6425100
2018-10-29,120.94385660860935,121.80316597912864,116.63764515904995,118.02477264404297,3220800
2018-10-30,118.37880621714494,124.01099047487278,117.88639054557802,123.8436279296875,3907800
2018-10-31,125.43995992359271,128.85467172087658,124.71904865735853,126.63397979736328,4759200
2018-11-01,126.37976128890413,129.0188456448407,126.0096483152878,128.04689025878906,3300000
2018-11-02,128.90613717204764,131.7479852433499,127.84407757686834,129.5015411376953,3701400
2018-11-05,128.75814526838377,130.82756291928445,128.55538020143226,130.06158447265625,2103300
2018-11-06,129.60775423160715,130.76959788949407,129.60775423160715,130.36729431152344,1752300
2018-11-07,131.73189588452541,133.89465894797388,130.6827124895657,133.4923553466797,2089200
2018-11-08,132.80685976868924,134.24869704277427,131.77697600148562,133.672607421875,2431200
2018-11-09,131.7126143300823,134.34524514451678,131.15261270782597,133.51168823242188,2014500
2018-11-12,132.06663078706606,133.65972782654825,131.4390359437707,131.6482391357422,1938600
2018-11-13,131.87349881630178,134.67671810329355,131.67718669109658,134.1295928955078,2666400
2018-11-14,134.89238838368632,137.23214949874924,133.09329970612424,133.531005859375,3978900
2018-11-15,132.4151262572514,136.85283248329884,130.9541726376493,135.77243041992188,2204400
2018-11-16,134.61136395812846,137.75257785967807,134.06632076171113,136.73023986816406,2403000
2018-11-19,136.7173901779833,137.02698971570837,132.52156425562558,133.92446899414062,2545800
2018-11-20,131.53791265867056,132.9859632475955,129.76411158552656,132.240966796875,4481700
2018-11-21,132.8634139540594,135.1661222072392,131.6217532009071,132.37643432617188,2163000
2018-11-23,132.03778027739176,135.09837292093437,131.87975477160109,133.8728485107422,879900
2018-11-26,135.4531053050045,135.46277521205394,131.99582565210528,132.7246856689453,1795800
2018-11-27,131.7894697602971,132.91501782985435,129.56739811626062,130.1124267578125,2560800
2018-11-28,130.3833263669546,134.36307756527717,128.9191543290722,134.3179168701172,2668800
2018-11-29,134.18890238571095,136.20780227631445,133.7148258582228,135.375732421875,1713000
2018-11-30,135.40152185253555,136.83345069430027,134.9629066340267,136.76573181152344,1809300
2018-12-03,137.89128946870852,139.96823823427613,134.5017280983288,134.9177703857422,2961300
2018-12-04,135.19188836997427,136.1658622075257,131.03799100705052,131.13153076171875,3169800
2018-12-06,129.0223419106567,130.6058597426468,127.08729702691883,129.33517456054688,3864600
2018-12-07,128.89011791956074,131.27989972074903,125.13290744203613,125.61666870117188,2209800
2018-12-10,125.4134755534112,127.51944881033415,123.98153184445934,126.89378356933594,2130300
2018-12-11,128.59982356265385,129.18032799263588,125.12964098098357,126.05201721191406,1608300
2018-12-12,127.31626831444402,128.02578867374302,126.1713658303825,126.27779388427734,1359300
2018-12-13,126.61643012681544,127.43559690581804,123.83963825281921,124.45240783691406,2412900
2018-12-14,124.01379324037133,125.33929417717123,123.72998510073573,124.48788452148438,3093900
2018-12-17,126.51001714761338,127.3904661570504,120.21466943217786,121.40794372558594,3198600
2018-12-18,122.76568348088159,125.2489972198801,122.40770493898451,123.81383514404297,2797500
2018-12-19,125.13289516361348,127.3807726541815,121.84655059325674,122.63024139404297,2316300
2018-12-20,121.88847722943893,124.16537181303568,121.15315812634452,122.35610961914062,3437100
2018-12-21,122.28515104315134,125.10709619365913,121.35633045914207,121.440185546875,3852000
2018-12-24,120.67907116604312,121.37890685111203,117.77972237288887,117.7926254272461,1065600
2018-12-26,118.62790234084274,124.75553826814023,117.82485711070704,124.72006225585938,1957800
2018-12-27,123.21074077513403,126.15523529052736,121.3401966303751,126.15523529052734,1804200
2018-12-28,126.71642186937174,127.88711581646608,125.04261209308844,125.64247131347656,1665300
2018-12-31,126.01656783184485,127.00988152722196,125.4521699516334,126.89378356933594,1544400
2019-01-02,125.57794236528805,127.4452532644003,124.66846906725107,126.49708557128906,1522500
2019-01-03,126.06172207287584,126.06172207287584,121.77882324374346,122.67861938476562,2587200
2019-01-04,125.00069859525227,127.95808224349122,122.12070376338339,125.92951202392578,3172500
2019-01-07,126.07140467285659,129.8382998003331,126.07140467285659,127.7065200805664,2589900
2019-01-08,128.09030678231454,129.64156711351504,126.7131934196591,128.61276245117188,1773900
2019-01-09,128.87401072093806,129.91571854496024,127.13891857171004,128.4031524658203,2947800
2019-01-10,127.90966623111608,129.22226388139214,126.30679420225798,128.8578338623047,1305000
2019-01-11,127.56784204212988,128.6417925614558,126.82929714310178,127.69039154052734,1699500
2019-01-14,127.73555631008352,129.02236314109788,125.98112438158077,128.2935028076172,1699200
2019-01-15,121.90780845643494,123.67515025425949,119.650253987446,123.0172348022461,7717500
2019-01-16,122.7334591717527,125.19741146945391,122.7334591717527,124.79105377197266,3243900
2019-01-17,124.1589213449381,127.81616969119779,123.5268119106914,127.2388687133789,2452200
2019-01-18,128.16445530664123,129.7479730076222,127.65812116291197,128.52890014648438,4287600
2019-01-22,127.37431670103568,128.67402630527715,125.89724177101803,127.05826568603516,2798700
2019-01-23,127.29371785355256,127.97743222493514,125.11679208168803,126.8712387084961,2224200
2019-01-24,126.59063850596024,127.34208648157619,125.27480733466997,125.86177825927734,1858800
2019-01-25,127.40656938952799,128.5998508940353,126.5744995761522,126.69059753417969,2723700
2019-01-28,125.94560921814505,128.0354461669922,125.458614923044,128.0354461669922,2150400
2019-01-29,127.87098291439159,130.0608113792238,127.47429518534122,129.9705047607422,2018100
2019-01-30,129.48352738457388,132.12485946041747,129.1416702498311,130.689697265625,3128400
2019-01-31,129.00297736997862,137.93321944859488,128.03545500279571,135.94334411621094,5006700
2019-02-01,136.42067418438825,138.19124215283608,133.65355920969378,134.49208068847656,2394600
2019-02-04,135.2241648759891,135.3725204829732,133.16011895973443,135.11773681640625,2223000
2019-02-05,135.1015731431886,136.06264376114038,134.33400400128855,136.0432891845703,1850400
2019-02-06,135.47893069566575,136.3625979304019,135.47893069566575,135.79176330566406,1495800
2019-02-07,135.11773565894873,135.8562805421619,133.94702701356587,134.84359741210938,1401600
2019-02-08,134.75651664455359,135.99494411668942,133.8438248582915,135.77886962890625,1531500
2019-02-11,136.3916408946472,136.72704651188675,135.2499567272989,136.64964294433594,1267500
2019-02-12,137.38817779622252,141.25181578451625,136.97215025966403,141.01316833496094,2229000
2019-02-13,140.9551223220759,141.61304529932707,139.62962122054967,139.96502685546875,1233000
2019-02-14,139.55546687069045,140.758418607052,138.8265917657495,139.25230407714844,1430700
2019-02-15,140.43265458652655,141.74848566460946,140.0907974531122,141.63882446289062,1247400
2019-02-19,140.29075916892592,142.24192556073814,139.6457392631674,141.1131591796875,1780800
2019-02-20,141.17767962060205,142.9675875978076,141.0551153393213,141.6678924560547,1489500
2019-02-21,141.95167154433736,142.11616336364793,140.4971693883404,141.80654907226562,1673100
2019-02-22,142.03931388100185,142.8315067490144,141.35707954997343,142.23008728027344,1050900
2019-02-25,142.5922592878662,143.15809665287426,141.14370438448802,141.51876831054688,1614300
2019-02-26,140.83005234533687,141.69336535018107,140.3676758308868,140.43234252929688,1759800
2019-02-27,140.49375481089373,142.90262955446383,139.36853375898718,142.37234497070312,2252400
2019-02-28,141.96173193054716,142.43702991073124,139.36855162012574,140.0701904296875,1564500
2019-03-01,141.024060860477,141.5834448565697,140.26745008302436,141.176025390625,1162200
2019-03-04,141.6319215893572,142.49847604695123,140.03140234436228,141.54139709472656,1647000
2019-03-05,141.38939018114988,141.6512983923756,139.31680001435043,139.49786376953125,1641900
2019-03-06,139.28120702863401,139.28120702863401,135.88615493316124,136.53282165527344,3070500
2019-03-07,136.45204130814037,136.5522754263396,133.4837970577454,133.87826538085938,2679300
2019-03-08,133.2800978774625,135.00672394780415,132.6819345964716,134.8224334716797,2157900
2019-03-11,135.67602736620222,138.5602152988752,134.92912628564457,138.38560485839844,1677300
2019-03-12,138.760666520507,138.89322657078554,136.55550136968628,136.6751251220703,1467300
2019-03-13,137.2798037008259,138.12048564769458,136.9661650083694,137.4867401123047,2411100
2019-03-14,137.3864855580738,138.7671468550605,137.06315208859826,138.6539764404297,2280300
2019-03-15,138.59902893603407,140.06698830765936,138.59902893603407,139.3685760498047,2403900
2019-03-18,139.02905900397738,139.66927268077842,138.37268235184305,139.4720458984375,1437600
2019-03-19,139.92149491892928,141.06287931273448,138.67016676293844,139.1228485107422,1205100
2019-03-20,139.50114502708615,140.1736846538429,138.0881575952294,138.7962646484375,1253100
2019-03-21,138.58607855456364,140.73304551395745,138.58607855456364,140.20924377441406,1293000
2019-03-22,138.8059609003562,138.9643935831066,135.90885115395656,136.0349578857422,3214800
2019-03-25,136.0446355360481,137.0954804311539,135.44969898156302,136.5749053955078,1305300
2019-03-26,137.71628188445493,137.89411898614634,135.25567653310395,135.93145751953125,1636800
2019-03-27,136.2289200004547,138.48581543469018,135.55638055435824,137.96524047851562,1866000
2019-03-28,138.7024964419128,139.83417111854055,138.04611980101544,139.4300079345703,951600
2019-03-29,139.43968657575235,139.61428220912185,138.4470402420861,139.2650909423828,2536200
2019-04-01,139.62400931161451,140.80418772542785,138.82212148412137,140.11224365234375,1785900
2019-04-02,140.65221247389042,141.38619206756124,139.41382080147815,141.35385131835938,1263600
2019-04-03,141.94553294534225,142.78621464204485,141.7515328925467,142.48873901367188,1734900
2019-04-04,142.87353706023862,144.47729774857467,142.43056501626643,143.68511962890625,1194600
2019-04-05,143.47498499689075,145.44087364851376,143.47498499689075,145.2533416748047,1268700
2019-04-08,145.01725896116776,145.01725896116776,143.52020072910022,144.3479461669922,1209000
2019-04-09,143.54605756891934,144.23153325935746,142.73447519160672,143.4781494140625,1164600
2019-04-10,143.5299158214638,143.72393071188955,141.54462308017568,143.46849060058594,1372800
2019-04-11,143.9534862682977,144.0795929763492,143.15484005315167,143.32296752929688,1077900
2019-04-12,143.95672545402536,144.086058847303,141.5058295290233,142.76361083984375,1827300
2019-04-15,143.14192036211574,143.61076502733772,142.45644447703683,143.48789978027344,1232700
2019-04-16,143.55257630966844,145.69954341036834,143.3456398999776,145.65426635742188,1345800
2019-04-17,145.50228685454226,145.8256203360219,142.89941162517158,143.20982360839844,1665300
2019-04-18,143.95997877055524,146.6824780056232,143.626935634654,146.2880096435547,2285400
2019-04-22,145.3858918754613,147.27095052197328,145.27272145498335,146.1134033203125,2366700
2019-04-23,145.50226600182037,150.38468227935644,143.78857659368938,148.87791442871094,3760500
2019-04-24,148.68718998746638,149.00728202107172,147.40353597348064,148.05667114257812,1734900
2019-04-25,147.47141146464088,147.8594116288547,145.74478557175166,145.92262268066406,1479600
2019-04-26,145.85470675681407,148.1730423976915,145.59603999442365,147.658935546875,1015200
2019-04-29,147.4229022520828,147.4229022520828,145.31150294776836,145.99697875976562,1792500
2019-04-30,146.1489672552491,147.4358478206642,145.97113014177992,147.0640106201172,1721100
2019-05-01,147.44232622908007,147.44232622908007,144.40294691628003,144.69395446777344,2129700
2019-05-02,144.20892383706502,146.66952913050076,143.60103623036034,146.36558532714844,1487700
2019-05-03,146.83120817817354,147.8303227323434,145.83209362400368,147.41322326660156,1099200
2019-05-06,145.28890049374874,147.38736391354738,145.17897153666968,146.2783203125,1357500
2019-05-07,144.8168254340735,145.71893259792526,143.1839652875722,144.52581787109375,1632300
2019-05-08,144.21864867775957,144.63576297554786,143.40706600942534,143.7271728515625,1317000
2019-05-09,142.30447090157614,143.77565670090038,141.30858308595245,142.90264892578125,1125900
2019-05-10,142.3658766970934,143.38763697158046,141.13719486974205,142.24301147460938,1503000
2019-05-13,139.74043330882805,140.60374652874864,138.1140410165566,139.32333374023438,1632900
2019-05-14,139.23277410098095,141.263344163628,138.53760332101794,140.46145629882812,1262100
2019-05-15,139.44937437797418,140.4678932584519,138.93850900137832,139.33297729492188,1039500
2019-05-16,139.58586334461555,141.07388762261894,139.527511779231,140.46441650390625,1781400
2019-05-17,139.7933642825406,142.14048659485246,139.59885408939778,141.24249267578125,1376100
2019-05-20,140.01376387466328,140.78856920526883,137.4461916801656,137.62124633789062,1578900
2019-05-21,138.02976607193344,140.86317084958762,137.9325035702954,140.0235137939453,1300800
2019-05-22,140.29910166510933,141.19062526093262,139.6085734181305,139.86793518066406,1023000
2019-05-23,139.2649127611825,140.20830262757752,137.8287549143935,139.5858612060547,1966800
2019-05-24,140.28610816361305,140.47738316531576,139.28436674341478,139.63449096679688,1095900
2019-05-28,139.6409690971839,140.7658987445254,138.438232421875,138.438232421875,1521600
2019-05-29,138.42526818952942,138.8013181943508,137.48511349712828,138.24696350097656,1309500
2019-05-30,137.46242711746288,139.20981311925627,137.32951851654684,137.64073181152344,1253100
2019-05-31,136.35044511775888,137.12850048661068,135.38111477419596,135.98086547851562,1446000
2019-06-03,135.8641769547158,138.49333627918668,135.34546837306462,138.36691284179688,1567500
2019-06-04,139.86467414093696,141.14846801757812,138.54523416345316,141.14846801757812,2294400
2019-06-05,142.0399483757608,145.85240346580184,140.51951336852036,145.81027221679688,2216700
2019-06-06,145.88480713458256,151.2533721923828,145.28505650433996,151.2533721923828,2589000
2019-06-07,151.25015121721182,155.2830572286468,150.67957625169993,153.65887451171875,2902200
2019-06-10,154.54392308409615,154.65090589729044,152.8257277571941,152.87110900878906,1480200
2019-06-11,153.94741457324136,154.75789586466794,151.02648238247835,152.65066528320312,1880100
2019-06-12,153.5648784146147,153.85016592783404,151.9017845869019,153.62322998046875,1341600
2019-06-13,154.40129251896545,155.33171213733672,153.94095028721418,155.28956604003906,1673100
2019-06-14,154.99780401909877,154.99780401909877,152.95542477981041,153.5519256591797,1434300
2019-06-17,153.5519112384794,153.75290656504848,151.24045014276027,151.64244079589844,1250100
2019-06-18,152.7511352850122,152.9132344819796,149.92745126921236,150.673095703125,2081400
2019-06-19,150.67957869116216,151.3247255356607,149.3374482775813,150.74766540527344,1707300
2019-06-20,152.2130055173076,153.1531453630285,149.96638129726378,152.90676879882812,1603200
2019-06-21,152.368605582797,152.8905492849725,150.66661589484085,150.97134399414062,2250000
2019-06-24,151.4479039388649,152.4982764811278,150.37807593095675,151.0588836669922,1151400
2019-06-25,150.3975585823255,151.47387194000214,149.21427724469473,150.20628356933594,1453800
2019-06-26,149.63243084947462,150.073332317474,147.24639854291536,147.26910400390625,1312200
2019-06-27,147.8461744699636,148.4459252263983,146.20578625389928,147.4247283935547,1122000
2019-06-28,147.51227944618068,148.57237243652344,146.67587239871438,148.57237243652344,1647300
2019-07-01,149.61947860671168,150.3132418250333,148.3356998151365,149.54815673828125,1261500
2019-07-02,149.668072990775,150.77356167918265,149.12667395555707,150.22567749023438,1002000
2019-07-03,151.05566563078196,152.4561626501267,150.28086008061888,152.42050170898438,642300
2019-07-05,151.01350088274816,151.50626884129645,149.2628798247705,151.11724853515625,683100
2019-07-08,150.7995398042505,151.39929059107723,149.81076869956664,150.03121948242188,946800
2019-07-09,149.77186393989032,150.18033970206304,148.7603874276953,149.8204803466797,852600
2019-07-10,150.97460323992232,151.4446657283111,147.51874240973868,148.3292236328125,1485600
2019-07-11,148.42323216702,150.8449257777333,148.16712046353197,150.8125,1232100
2019-07-12,151.23392915475145,152.69277734595485,151.14315182742408,152.2810516357422,1272900
2019-07-15,152.46587445711518,153.6621409178211,151.9860767776575,153.62322998046875,1000800
2019-07-16,153.6653660763179,153.71074732676806,151.37334580546192,151.57110595703125,1507800
2019-07-17,151.39605682667187,151.66188886367172,148.02773801162294,148.1055450439453,1735200
2019-07-18,147.74244170093814,149.05216117992714,145.11651758730534,148.3778533935547,1743000
2019-07-19,148.68259272340705,149.47361853105966,147.66464581141108,148.0244903564453,1464600
2019-07-22,148.22224108826694,149.6746043284645,147.1102669030155,147.37286376953125,1603200
2019-07-23,152.04442476277782,159.5850585364789,151.07834427038887,158.9269561767578,6339300
2019-07-24,160.47335465233968,162.56112999727245,158.40178477978947,162.46063232421875,2743200
2019-07-25,162.28555299957733,165.50799318071012,161.82521076234778,165.10923767089844,2669400
2019-07-26,165.21295395376902,166.4156905711646,163.61794705767224,166.08177185058594,1778700
2019-07-29,165.37184096411184,166.08180981719036,164.0945321880971,165.38156127929688,1946700
2019-07-30,164.06533622166654,167.4206847295822,163.5012463666279,166.96359252929688,1707000
2019-07-31,166.32489043059073,168.496957135069,164.52888848492051,166.3216552734375,1909800
2019-08-01,166.8176898770377,169.634889003793,165.70248053856974,166.29251098632812,1615500
2019-08-02,165.11569531054673,166.50970694329106,163.93241413167974,165.48851013183594,1261200
2019-08-05,162.81719491584406,164.0847681991129,159.99351088695667,160.5900115966797,1532700
2019-08-06,161.6630533121919,162.66804446052313,159.80546472061667,161.72789001464844,1704600
2019-08-07,160.42144144262295,166.86307031517273,159.4521110980052,166.3054656982422,2234400
2019-08-08,167.47579028068796,169.69648861871093,167.43040903144694,169.65109252929688,1599900
2019-08-09,168.7693261936178,169.8748153494524,167.1062471427303,168.500244140625,992100
2019-08-12,167.9685462252273,169.39498355856827,166.73338386888835,167.19374084472656,969300
2019-08-13,167.09972954092618,170.84734788486767,166.8825139417139,170.4745330810547,1571400
2019-08-14,167.6184266816074,169.9882538149762,166.98301501920238,167.04136657714844,1548900
2019-08-15,168.90631659542478,169.47490339617488,167.3727831132029,169.01353454589844,1291500
2019-08-16,170.54058964982184,172.85388897778773,169.7608388659889,172.22683715820312,1806600
2019-08-19,172.6069583277769,174.38740997672346,170.81350785881918,171.69073486328125,1446900
2019-08-20,170.71274988916946,170.9239435019991,168.78284183322646,170.24815368652344,1209300
2019-08-21,171.95065130123257,173.53292299544464,170.49509579259473,171.43731689453125,1467000
2019-08-22,172.63945722192483,172.73367636694167,169.79658229005682,170.0857391357422,1248000
2019-08-23,169.70232458109732,169.94600036975731,165.78075659408947,166.54428100585938,1839000
2019-08-26,167.7821773878457,168.2142914731952,165.47861994325038,166.82371520996094,1047000
2019-08-27,168.2240413618755,168.9453271683039,166.51506829398554,167.45077514648438,980700
2019-08-28,166.4923141491371,169.87777782914452,166.46955877883812,169.82254028320312,899400
2019-08-29,171.6257272596576,172.14231872375146,169.910255121609,170.4690704345703,1246200
2019-08-30,171.51205463936674,172.13586420431471,170.30341710043308,171.14166259765625,1274100
2019-09-03,170.7420399881733,171.7654666003169,168.94207512291632,171.2813720703125,933300
2019-09-04,172.97731695757366,173.92278022956026,172.15856985795335,173.71484375,1065600
2019-09-05,175.32961429165667,175.32961429165667,172.6751632882537,173.66612243652344,1296300
2019-09-06,175.09568903732455,175.12168667617365,173.53615790778292,173.73760986328125,984000
2019-09-09,173.5459278688653,173.63364759757258,168.93558536236776,169.9330291748047,1382400
2019-09-10,168.57494411848023,169.7673405561031,166.9634323725589,169.5106658935547,1447200
2019-09-11,169.2799785778537,172.40876786260858,168.78936978317665,171.35284423828125,1540500
2019-09-12,173.3054732554819,178.36418521547384,172.4932255508524,175.1054229736328,1878600
2019-09-13,174.1697349439542,176.56749673163924,174.13723789333895,175.94044494628906,1188300
2019-09-16,174.1502183278294,174.1502183278294,171.34306836271463,171.38206481933594,1257900
2019-09-17,171.81743237181055,175.12167554285836,171.447040405714,174.6408233642578,1038000
2019-09-18,175.15739850677974,176.73965501283348,173.76032309369756,176.36927795410156,969300
2019-09-19,175.4920387145213,178.9327394623213,174.6408095101417,178.62408447265625,1564200
2019-09-20,179.40060772619256,180.0211599737558,177.220524571358,178.8710174560547,2411400
2019-09-23,178.07825650936465,178.90676010796767,175.82019527973222,175.98265075683594,1451700
2019-09-24,177.82485002196938,179.37788164524426,175.09567815134415,176.25881958007812,1599900
2019-09-25,177.38298482476793,177.56168140420687,174.8845047265618,176.921630859375,1399200
2019-09-26,177.15229991278827,178.8710292668299,175.87544114863408,178.1595001220703,849300
2019-09-27,179.23493470097466,179.23493470097466,176.0508932322759,176.837158203125,1079700
2019-09-30,177.37000770107898,178.86455974166876,177.2433063821905,178.6533660888672,1012200
2019-10-01,179.05295798001293,179.70600727769286,176.58046089754237,177.02557373046875,1458000
2019-10-02,176.60323864883554,177.2173064957649,173.76036389904965,175.77474975585938,1507800
2019-10-03,175.77797232957164,177.10032701424964,174.42963487972247,176.48301696777344,1047300
2019-10-04,177.31802463367632,179.48510944361738,177.31802463367632,178.3187255859375,1071600
2019-10-07,177.9223230236391,179.82624850981747,177.66890553524726,178.461669921875,915000
2019-10-08,177.1783154150492,179.02050398435114,175.9729202851378,177.37649536132812,1085700
2019-10-09,177.07108898407844,180.9958846088236,177.07108898407844,180.53453063964844,1212000
2019-10-10,180.76523739919222,181.57100071656956,179.54685817997463,181.5222625732422,1318500
2019-10-11,183.0492779566809,183.3871729105554,178.3024628955631,178.6988525390625,2163600
2019-10-14,179.06921253659428,180.6157447572864,178.43241914952364,178.80929565429688,859200
2019-10-15,180.63203637474754,181.80167744876957,179.56959839396396,181.583984375,1248300
2019-10-16,181.36628341820605,183.617845549576,180.6222571599563,183.3221893310547,1210500
2019-10-17,183.3059377136094,184.21890395594738,181.6586869335103,182.1200408935547,1245900
2019-10-18,181.20060331139544,182.64316009986968,180.97316856446167,182.2240447998047,1362600
2019-10-21,182.44820962034092,182.84134212390055,178.51040004755419,178.8288116455078,2399100
2019-10-22,181.13235571776664,187.90979772333253,177.4512356273735,184.1831817626953,3324000
2019-10-23,185.19361048384113,185.19361048384113,181.41825666737304,183.20196533203125,1838400
2019-10-24,184.170163880913,186.81811546636604,183.9784684867044,186.50946044921875,1363500
2019-10-25,187.0617955514699,188.4426151803907,186.20080970111957,186.7953643798828,1298700
2019-10-28,186.82786424619002,188.8390076457146,186.82786424619002,187.8708038330078,1586400
2019-10-29,186.93184442803502,189.51804434873512,186.93184442803502,188.96571350097656,1845300
2019-10-30,189.20613340519068,190.76240729410162,187.7213381457593,190.4667510986328,1610400
2019-10-31,190.87939948411466,191.36675115502965,185.7069842602435,185.94740295410156,2370900
2019-11-01,187.09753240495115,188.57582828429304,186.1715524716759,188.32565307617188,1533300
2019-11-04,189.83319479154213,189.91442997550521,185.47952732615164,185.5185089111328,1831200
2019-11-05,184.7095121667385,186.4899786692533,181.53848426666772,183.5398712158203,2490600
2019-11-06,183.66335328667333,187.08131457445836,183.43267625981434,186.89613342285156,1567500
2019-11-07,187.84803339601433,187.85129053695314,184.24163473726617,185.01815795898438,1793400
2019-11-08,185.64197683407602,188.91698016013623,185.33980635085584,188.88124084472656,1129500
2019-11-11,187.93903386067444,189.41732984891857,187.68561636556709,188.25094604492188,976200
2019-11-12,188.27367119925577,191.46419705390795,188.06897698592664,190.79490661621094,1352400
2019-11-13,190.60647678741262,192.69559840943296,190.06714472570854,191.607177734375,1080000
2019-11-14,191.08304936822336,193.68723765411286,190.64684239134712,193.18267822265625,857700
2019-11-15,193.68726846584954,194.33832309156244,192.41447015829723,192.9613494873047,1131900
2019-11-18,189.13317139479827,192.61303743672514,188.980179301154,190.78358459472656,1452900
2019-11-19,191.3467351849736,191.61692634380344,189.8363052135799,190.17160034179688,2064000
2019-11-20,190.16833648240504,190.16833648240504,186.40527043592857,187.50880432128906,1882200
2019-11-21,186.52895772405404,187.71061929724132,184.44886439799964,185.08038330078125,2166600
2019-11-22,185.51981769802217,187.5022623000245,184.97618697619646,187.12139892578125,1986300
2019-11-25,188.0687201966992,189.52055818103395,187.60972898666654,188.8076629638672,1281000
2019-11-26,189.1592478763636,191.21982087111914,188.59608131558664,191.14169311523438,2161800
2019-11-27,190.5264124077011,191.07980358706178,189.53030232431462,190.38644409179688,918000
2019-11-29,190.23997463508655,190.9398610129932,189.06157626247418,189.82330322265625,709500
2019-12-02,188.98990787461,188.98990787461,186.5256880172119,187.12139892578125,1001400
2019-12-03,186.10903447203864,188.2607585128698,185.5491314324523,188.12403869628906,1374600
2019-12-04,188.58305295401354,189.78097201687441,185.80632156836157,185.9755859375,1279800
2019-12-05,186.98796789501344,187.36883135130128,184.75161886221434,186.3629608154297,1192200
2019-12-06,188.12729303346376,189.0355149800205,186.61035123068555,188.32911682128906,1000800
2019-12-09,188.10453762392646,188.55701696930265,186.98797983209244,187.6878662109375,765900
2019-12-10,187.0725868083289,187.4209056903115,185.66631730969948,185.82583618164062,1243200
2019-12-11,186.7047694796344,187.40790431297674,185.60449891867356,187.33628845214844,813900
2019-12-12,187.2581682771314,188.9769341051779,187.15399297473877,187.7659912109375,1304100
2019-12-13,187.17678031828908,188.5439786298818,186.200205838196,186.2750701904297,1213500
2019-12-16,186.94566756001652,189.09414358999902,185.9593325835942,188.64491271972656,1358400
2019-12-17,188.84344096370313,189.0192171943184,187.56737944009268,188.1988983154297,1136100
2019-12-18,188.7164979749373,188.7164979749373,185.62727068629223,186.3987579345703,1004100
2019-12-19,186.84148479062654,188.69697033842837,186.10254204475893,188.10452270507812,1141200
2019-12-20,189.21782836440585,189.65403543245196,187.5511427446599,189.12342834472656,2224500
2019-12-23,189.42612984531476,190.16832099460402,188.62859511121897,189.86558532714844,697200
2019-12-24,188.92483583394682,190.0902103039286,188.54723578958527,189.1754913330078,294300
2019-12-26,189.46197618975845,189.5140563911914,187.91247471170325,189.32525634765625,453300
2019-12-27,190.01858614793477,190.4515446644997,189.09084344331197,189.35452270507812,525300
2019-12-30,188.23472209566765,189.06806481768663,187.88640319631864,188.39422607421875,696000
2019-12-31,188.18591092244512,190.05117187061109,187.77575140370905,189.95677185058594,867300
2020-01-02,190.44827316802125,190.47105732027262,185.13896963975932,186.15135192871094,1945800
2020-01-03,184.03220424033185,186.0471937226976,183.69039722115963,183.7424774169922,1635600
2020-01-06,183.01984919066484,184.15592779531218,182.5934024762394,183.40396118164062,1926600
2020-01-07,184.1493883704583,184.2926200849776,182.09532756561012,182.4110870361328,1803600
2020-01-08,182.957961857516,185.65656531150213,182.6194182409597,185.31475830078125,1886400
2020-01-09,186.0732237500991,186.57127130987135,183.19233236457612,184.1265869140625,2245200
2020-01-10,184.84928996253814,185.9365367842941,184.33169175038,184.6018829345703,1002000
2020-01-13,184.72556682395543,187.25815451781844,184.3544786584767,187.13119506835938,1306500
2020-01-14,187.09213006525678,188.46910358035512,186.38248340043492,187.00424194335938,1810200
2020-01-15,187.54460095672857,191.3402113086006,186.83821771766964,190.2887725830078,1460400
2020-01-16,192.00105545261607,192.00105545261607,189.38707666080242,190.42550659179688,1494900
2020-01-17,190.86824653265242,193.71008208235975,190.05117597074403,193.51475524902344,2143500
2020-01-21,193.50820435449845,194.74520947711474,192.1735656375851,193.05572509765625,1596000
2020-01-22,194.03881857672,194.21134632349649,192.34934903566995,193.01341247558594,1093800
2020-01-23,193.4138174773858,194.21786415604856,191.88060336985234,194.18856811523438,1297200
2020-01-24,194.98936698688928,195.2986145642824,192.68789921906608,193.6351776123047,1400400
2020-01-27,191.37277993401545,192.04335527929737,189.63447864452158,190.1943817138672,1233300
2020-01-28,190.26925488827425,193.02320205525052,190.26925488827425,192.4014434814453,1189500
2020-01-29,193.03622157212922,194.66383572394585,192.14427185058594,192.14427185058594,1906500
2020-01-30,183.07516931603342,185.79982066466266,180.82905976438022,185.1910858154297,3222900
2020-01-31,182.4143268502709,183.59598843883512,179.42927494441113,181.31405639648438,2703600
2020-02-03,182.0725257471529,188.17936397916364,181.59726234102686,187.1474609375,2517900
2020-02-04,188.4267796752337,192.05637425414554,187.63249339856435,191.0732879638672,1922400
2020-02-05,191.07006755593898,191.23933193398238,185.8518996566858,189.59869384765625,2439900
2020-02-06,190.12601686956233,190.6208159770269,188.57653047921485,189.42288208007812,1985400
2020-02-07,189.23408607579228,189.23408607579228,186.07975473742962,186.37924194335938,1704600
2020-02-10,185.9104726214692,187.09864614548934,185.178041786556,186.2913360595703,1518600
2020-02-11,186.60710890921553,189.1787531493613,186.41830887373794,187.84085083007812,1223700
2020-02-12,187.87661924958823,189.45216788044516,187.38833209398803,188.84994506835938,1109400
2020-02-13,187.90268988549605,189.64099118094293,187.53485022737797,188.72625732421875,838500
2020-02-14,188.92484469825487,190.57850646972653,188.53422086134387,190.57850646972656,916200
2020-02-18,189.82004188524252,190.0674340002947,187.56740569487744,189.3838348388672,1239300
2020-02-19,190.43201527759496,192.83764344284444,190.41247961647238,191.75039672851562,1479000
2020-02-20,190.68266526198198,192.4763101056333,188.80438079058953,190.1325225830078,1021800
2020-02-21,188.905306758964,189.8428248181315,186.3271507229334,186.6363983154297,1149600
2020-02-24,182.73660886056058,186.19042741218016,181.3205788686081,184.60513305664062,1697400
2020-02-25,185.480757532687,185.80954073995244,179.1200154413298,179.35113525390625,2530500
2020-02-26,180.71836240915957,183.96384538966902,178.66430150885128,179.2372283935547,2172300
2020-02-27,176.55164238669323,178.501542822746,170.86797185068176,171.01771545410156,2345100
2020-02-28,165.83845171117977,168.64512634277344,162.41822877253915,168.64512634277344,4074900
2020-03-02,170.3650221509728,175.6846466064453,167.42780674388186,175.6846466064453,2520900
2020-03-03,176.40260949914236,180.28299661430623,173.16839832036194,176.42218017578125,2212800
2020-03-04,180.5636757552542,187.60971738109316,177.96259820586997,187.5836181640625,2210100
2020-03-05,183.0994944857726,184.73127095577888,179.25500605592546,181.0989227294922,1775700
2020-03-06,177.13367238529034,177.70806437507284,172.80291992112873,176.5592803955078,1971900
2020-03-09,163.61921557757475,175.6911725124911,163.34180493265345,172.04249572753906,3484500
2020-03-10,176.97376153279282,178.34119931663653,168.21107165602655,178.19760131835938,2829300
2020-03-11,173.94840364308342,174.48688110577345,165.64260839097517,169.75144958496094,3127800
2020-03-12,158.82827082950382,166.23332230784445,153.7175153069145,157.5130615234375,3269100
2020-03-13,164.01732950254188,164.96050157735291,151.0609451456982,162.95993041992188,4273800
2020-03-16,146.53440955095212,147.07615879878182,132.31828362376675,132.52389526367188,4736700
2020-03-17,135.47090032838173,141.70105423349332,123.26513833248771,137.19406127929688,5943600
2020-03-18,126.88443873766013,133.86848220954653,106.20644722916283,131.47628784179688,5138100
2020-03-19,130.16432954841838,146.52135334671232,126.6592508860055,145.2681427001953,3081600
2020-03-20,147.91163461618493,149.15505993327122,132.49451121054494,134.68763732910156,3788400
2020-03-23,134.07412157779873,137.98713782319012,127.53065607253892,129.46595764160156,2876700
2020-03-24,136.60009398143495,150.25814182989495,135.91147500876525,148.17271423339844,3735300
2020-03-25,147.60159469798123,154.96421843335187,145.96327493052405,147.4025115966797,2766900
2020-03-26,151.7659071205314,154.45509764249485,148.16618703881645,152.128173828125,2562900
2020-03-27,147.18712186186232,153.87418402928813,146.86076957595466,150.0133819580078,1990500
2020-03-30,153.92637886866626,158.76626709366658,151.0674913579717,157.2487030029297,2259600
2020-03-31,155.50595954004893,157.22259181081753,149.32474777858496,149.96768188476562,3840600
2020-04-01,143.56781320612177,145.07232021446538,137.52692781702464,138.69529724121094,3430500
2020-04-02,137.1353085724122,143.58738749567084,134.46244701208562,142.5887451171875,3257700
2020-04-03,141.9654075249886,144.44245792319964,135.8429521247373,137.079833984375,2051400
2020-04-06,144.50773933880055,151.09688870820372,142.9803896426608,149.67398071289062,2193300
2020-04-07,155.13719503724107,158.27347860088656,150.786842127265,151.21763610839844,2435700
2020-04-08,153.46949411729966,160.5579788410149,150.79336073044422,159.36351013183594,1770900
2020-04-09,162.60748562206905,169.10852107625138,159.14810693572574,160.61671447753906,3194100
2020-04-13,157.40538001572543,160.7015904543152,154.32782337194524,159.6539764404297,2571900
2020-04-14,163.1786200835816,166.65431263373307,159.91830956107455,164.611328125,2263200
2020-04-15,160.16308280511223,163.17209696598476,158.55740577672086,160.78968811035156,1869900
2020-04-16,163.07744815556973,163.82806579206482,155.3786724241335,158.2930450439453,2226000
2020-04-17,162.37580073211905,169.07264860780944,162.37580073211905,168.64512634277344,1824300
2020-04-20,165.40440125686536,168.04463547211387,160.87129379628286,161.83078002929688,1747200
2020-04-21,159.38962457334497,160.8582323128269,156.52747983301728,158.25064086914062,984600
2020-04-22,161.4391234541882,164.9278878700966,161.4391234541882,163.27325439453125,1117200
2020-04-23,163.3222274195036,166.00814618365794,162.40515438721332,162.75436401367188,915300
2020-04-24,163.6975039814778,165.37823651015208,161.41299373001948,165.15631103515625,807300
2020-04-27,164.4709913620307,168.02175473573644,162.29419415550288,166.91867065429688,1401000
2020-04-28,169.37940514205584,169.66660110269723,164.82998448462965,166.0277099609375,1564500
2020-04-29,174.92748316965248,182.63930125655997,171.00466780544977,175.86085510253906,2886600
2020-04-30,172.27417133053237,177.4142971636999,170.89042000760605,175.04820251464844,2059200
2020-05-01,171.5464437895518,172.88776745576132,169.72864127399177,171.80752563476562,1241100
2020-05-04,171.0797388081919,172.92692709994677,168.7136586005689,172.5907745361328,1184400
2020-05-05,174.2617246881188,176.14806930586948,172.81595939593544,173.84725952148438,1121700
2020-05-06,174.60110634755017,175.1232848671874,170.8284177107799,171.01771545410156,1025700
2020-05-07,172.89102732882841,174.04632487221926,171.7324580458989,172.4993896484375,1172700
2020-05-08,175.9261518603476,180.66487098134746,174.50324386154674,179.39207458496094,1477200
2020-05-11,177.28052951742748,183.99043380238192,177.14671686952187,182.38148498535156,2395800
2020-05-12,181.8103547158611,183.9871518825678,180.62567138671878,180.62567138671875,1867800
2020-05-13,179.64008747321085,181.03036761939057,176.1350086795536,178.94821166992188,1466700
2020-05-14,176.33734256668066,178.06703186929093,172.37862784770613,178.044189453125,1631100
2020-05-15,176.39282092559415,185.49493408203128,176.0044550144013,185.49493408203125,2658900
2020-05-18,189.2871827889627,191.28449734323445,186.6436922924952,186.75791931152344,1856700
2020-05-19,186.31736072824876,187.86755271684473,183.57921358570707,183.9806365966797,1665000
2020-05-20,186.28471660530687,187.85449420032646,184.16666121386166,184.27110290527344,1890000
2020-05-21,185.09876006303577,186.8750932985586,184.17624081972815,186.46617126464844,1605300
2020-05-22,187.0190331507678,188.86405666490614,185.79228202235618,188.854248046875,837600
2020-05-26,191.37315680311656,191.66430051700928,189.531398021718,190.76141357421875,1377900
2020-05-27,191.37316142731225,191.53673322361374,187.3003539818032,190.673095703125,1355100
2020-05-28,193.00882041374373,194.9454456490119,191.65774712513246,193.0120849609375,1647900
2020-05-29,192.44290422325867,195.0697869724332,191.44515060725573,194.268310546875,1315500
2020-06-01,194.12765382477906,194.6216188446884,189.75059902473276,190.54226684570312,1040700
2020-06-02,189.85199972393943,196.01193158529662,189.47253349737022,195.3347625732422,1582200
2020-06-03,196.05445130675346,197.3793334645925,194.01967981892273,194.3697052001953,1545900
2020-06-04,193.19529443042947,193.990226669638,187.06480407643073,188.15415954589844,1907700
2020-06-05,190.73196699722916,193.31959989572889,185.26883701735696,191.468017578125,2654400
2020-06-08,190.859555706081,191.13434672756463,186.62972072361427,188.10182189941406,2092500
2020-06-09,186.6984213778506,191.66104267701132,186.54793771962122,190.3165283203125,1523700
2020-06-10,190.7319777053304,191.62832060172443,188.87386618889988,190.05154418945312,1123200
2020-06-11,187.8302977458973,188.48783448221337,177.9410554476133,178.71963500976562,2883300
2020-06-12,183.26026438693546,183.61683385566138,176.3806345314723,179.14491271972656,2205600
2020-06-15,175.34359044556842,187.12039842381586,175.333766854929,186.46939086914062,2628300
2020-06-16,191.84422979544055,192.46578165693322,185.18378930519944,188.54672241210938,1303800
2020-06-17,189.82581941483872,192.35455573956992,188.61214158587285,190.39175415039062,1228800
2020-06-18,189.08322627768712,191.38624463127533,188.93600717231604,190.29360961914062,834900
2020-06-19,193.55512791963224,193.59111281462913,189.3580132940585,191.26519775390625,2114100
2020-06-22,194.46454523192017,194.46454523192017,187.81392911983403,190.5454864501953,1333200
2020-06-23,192.90412602659632,192.90412602659632,187.82047740858144,188.53689575195312,1479600
2020-06-24,188.09201898620867,188.16398878427086,185.19034528023525,185.37026977539062,1248300
2020-06-25,185.69087481621602,187.87285060616307,182.38682305281023,187.5162811279297,985500
2020-06-26,187.38538591700583,187.73542624600256,181.8404775559257,182.3867950439453,1648500
2020-06-29,183.55140624570706,186.40074234361373,180.90817092255818,185.1576385498047,1030800
2020-06-30,185.68103983000734,189.69824527838205,184.41175978630272,189.03416442871094,1443300
2020-07-01,189.0079755469883,190.37212205326927,186.95358693176598,188.9392852783203,1906800
2020-07-02,190.6697959732801,191.8867231912522,189.79961454350624,190.70904541015625,1351500
2020-07-06,193.00882906849313,193.9018924158579,190.967513606682,193.71543884277344,1644600
2020-07-07,191.53347012407102,193.52571277739486,191.07875456785266,192.59666442871094,1329900
2020-07-08,193.00884304603878,194.85386650139665,188.23269014158734,191.73956298828125,1419000
2020-07-09,192.06013912503357,192.26950443542808,187.12042960869198,189.63607788085938,1049400
2020-07-10,190.47681752813972,191.90311027340937,187.32651429841508,190.98060607910156,820800
2020-07-13,192.596663546281,193.21821545768975,188.29812277949907,188.4420623779297,1142100
2020-07-14,188.18361188100766,192.0699658131514,188.18361188100766,191.92929077148438,1150500
2020-07-15,193.0088334004712,195.63898041655622,192.00125629879346,195.4427032470703,1210200
2020-07-16,194.58889509141147,197.42840750077903,194.09165059564873,195.87779235839844,1049700
2020-07-17,196.28017577633335,200.57543689524127,195.93667947872916,199.58094787597656,1822200
2020-07-20,199.12948636729473,200.44455978265742,198.4130680104161,198.9233856201172,970800
2020-07-21,201.18716281066307,201.1937068802899,198.8972326158628,200.6637420654297,1511100
2020-07-22,199.97677686388357,204.7594737575313,199.97677686388357,204.7529296875,1146900
2020-07-23,203.75518160296969,205.58385238850101,200.49037941937897,202.3321533203125,1140600
2020-07-24,202.01153225689617,203.42475177116705,200.83058977273868,202.82937622070312,1344600
2020-07-27,204.85761385245183,206.70918129256034,203.97762364629114,204.6286163330078,2471700
2020-07-28,212.63684487442558,215.86564691565076,203.3364340358888,207.2554931640625,3127500
2020-07-29,207.73964619204648,212.95742602789898,207.5728098557889,211.8615264892578,2015400
2020-07-30,209.8005938281459,212.69898769281838,209.1266894385702,211.8615264892578,1373100
2020-07-31,211.3544859794156,212.47328234054643,209.4473014020321,211.95640563964844,1772100
2020-08-03,212.2083039363459,213.50376026058768,209.65667068327647,209.7384490966797,1411500
2020-08-04,209.6533700627423,215.2048374226291,209.6533700627423,212.9345245361328,1848600
2020-08-05,213.65095618916683,215.5483321121176,212.8756561279297,212.8756561279297,1410600
2020-08-06,212.72844021123646,215.54833534618848,212.43075241743318,214.13185119628906,1289100
2020-08-07,213.96500796436095,215.1099655882885,213.48739570066658,214.83517456054688,1127700
2020-08-10,214.5996403880146,215.64318735718854,212.39148865184785,213.04574584960938,1049100
2020-08-11,214.27251596081396,216.310566997671,212.65647508046052,213.42196655273438,1179300
2020-08-12,214.67159779117387,221.0572465078047,214.11547171767018,219.7977752685547,1722300
2020-08-13,218.41403037236262,220.6679908126495,217.64527434696603,218.92762756347656,834600
2020-08-14,219.23842143042648,220.47826075507928,216.99101985149667,218.05419921875,678900
2020-08-17,219.4216101533754,220.5436711031659,217.76304027315553,219.5066680908203,1032900
2020-08-18,220.81516002802965,221.15211219788307,218.7444039283229,219.17294311523438,887400
2020-08-19,219.96134879558355,220.09874429777759,217.16763026764679,217.57327270507812,949800
2020-08-20,217.4356375983763,219.75313403380687,217.4356375983763,218.8189239501953,957900
2020-08-21,218.92381322995965,222.2246916754613,217.81914389210752,221.52976989746094,1068600
2020-08-24,222.89994221982494,223.42440465755425,219.0221282965923,220.0841827392578,786300
2020-08-25,221.16261380840098,222.44429959872002,218.42881294980046,219.717041015625,810000
2020-08-26,219.59903447852795,222.53935209333622,218.67793913023013,221.8214874267578,917100
2020-08-27,222.98189475864686,222.98189475864686,219.9694617418809,220.2120361328125,800400
2020-08-28,220.92334390067253,221.71333873869426,219.51711467562995,221.55926513671875,1015200
2020-08-31,221.70677703758457,221.70677703758457,219.51055301830317,219.9661865234375,1129800
2020-09-01,219.45810552977,224.8798065185547,218.9467426474665,224.8798065185547,1512600
2020-09-02,224.3913998159651,229.3935398163282,224.04721008915826,229.1804656982422,1393500
2020-09-03,228.47243490615705,228.47243490615705,220.02847246058275,222.5196990966797,1576800
2020-09-04,223.14906536761666,224.38485027950915,216.69808116249524,222.77537536621094,1858500
2020-09-08,219.8940823590007,220.70373405968434,216.90132109286867,219.39256286621094,1951800
2020-09-09,225.1289348989616,228.63960106545852,223.59813241748512,227.6300048828125,1585200
2020-09-10,228.44293807825306,232.51742555285145,227.1612671974083,230.3277587890625,2507400
2020-09-11,231.19641384362026,233.70731239186358,229.58366776499568,232.3207550048828,1420800
2020-09-14,234.04492016597635,236.34275934799095,233.06153814847224,235.2249755859375,1336200
2020-09-15,236.2608303102465,237.94897765362958,233.99577724874626,234.78248596191406,1062000
2020-09-16,235.5953902105276,236.56567271651855,233.72369915587055,234.4120635986328,1212300
2020-09-17,232.73377530756866,233.91383086018791,230.3638207777085,233.56964111328125,1413300
2020-09-18,232.1502947441064,233.86794231115394,226.84330845142614,227.97747802734375,2295900
2020-09-21,225.48622287908643,226.11887293938568,220.99217467431518,223.8275909423828,1043700
2020-09-22,224.30289938566628,229.0165790522119,224.01771018181074,228.24954223632812,1332900
2020-09-23,226.8269206272271,227.29893983759445,221.53304894664697,222.02145385742188,1137600
2020-09-24,223.3358769083123,226.48925345062915,222.66716937467783,224.83389282226562,902400
2020-09-25,224.47664799996366,228.875638557206,223.4801512851335,228.61996459960938,856500
2020-09-28,231.33080200559954,233.44506743990863,230.0753453026587,231.77003479003906,1284600
2020-09-29,232.88780933078314,234.48416955138455,231.30129253376464,231.31439208984375,871200
2020-09-30,232.73375383560546,234.3727138943364,226.80396135094605,228.38720703125,2412900
2020-10-01,231.08823114443416,232.57968996195822,225.74191638018436,226.4401092529297,1557000
2020-10-02,225.09945773033704,228.43967995137,223.1523652449214,225.8435516357422,1234500
2020-10-05,227.33172520522834,229.93112449619878,225.11582932918822,226.04676818847656,1940100
2020-10-06,226.79413280632465,228.33149262755626,223.21790869902125,223.6800994873047,1562400
2020-10-07,225.43707086938355,227.37760590674148,224.6405187796079,226.76791381835938,1350900
2020-10-08,227.69229805569492,228.78713899367722,224.69299448067636,225.6140899658203,1477200
2020-10-09,226.62039682313917,229.1083522795026,226.17787788918253,228.9313507080078,1356600
2020-10-12,230.11143408787632,232.3207728927395,229.19033856541247,230.23599243164062,943200
2020-10-13,230.3113826600485,231.5373242041292,227.86602684293243,228.5314483642578,1303800
2020-10-14,229.05918113651603,229.05918113651603,226.36799497333325,227.48577880859375,1297500
2020-10-15,225.63375186677743,227.09571047494953,223.88004676144132,225.5222930908203,1275300
2020-10-16,226.71545306429815,230.03273198114402,226.39422132370407,227.92173767089844,1140600
2020-10-19,228.26265391340888,229.1542641098152,222.7426084572837,223.49981689453125,1038600
2020-10-20,225.35839510761133,225.74191351311,220.802060202894,221.23802185058594,1578900
2020-10-21,221.26094647818,224.37499443035304,220.6446971691717,220.9561004638672,1533000
2020-10-22,221.66744876835924,223.10646447114362,219.28439458917757,222.24436950683594,859800
2020-10-23,223.27363234752565,224.55531827735072,220.8414061166414,223.98495483398438,1108800
2020-10-26,221.95263458916966,222.8475009424754,217.72735947760634,219.74658203125,1461300
2020-10-27,221.96901627140272,223.6571485973609,218.8877542552235,220.75946044921875,1791600
2020-10-28,221.00529209538135,224.86670529503075,218.28787683750997,222.460693359375,2416800
2020-10-29,222.21812522387137,227.82668632966636,221.1200282179716,226.86297607421875,1851900
2020-10-30,224.94865453819352,227.82012845888525,223.32608008131749,225.51573181152344,2064900
2020-11-02,228.42655949761027,234.51696848147668,227.81686737264795,232.5043182373047,1852800
2020-11-03,232.70753050266265,235.6019473030112,231.18001416799862,232.7632598876953,1396800
2020-11-04,232.94024703230232,239.06672770167444,232.94024703230232,237.319580078125,1410600
2020-11-05,239.2896371212995,242.8068756694706,238.7979460758412,239.2306365966797,1110600
2020-11-06,240.23370259835855,241.64977528124618,237.86703418227026,241.28919982910156,1279500
2020-11-09,244.37045432164416,248.4678847814936,226.39750169024424,226.427001953125,3004500
2020-11-10,227.0203188628086,237.35565923152473,227.0203188628086,236.8016815185547,2378400
2020-11-11,238.0801045941842,239.43389067033013,236.18872645244292,238.463623046875,1159500
2020-11-12,238.00383408571068,239.18606718616624,233.96124419923493,235.56382751464844,1688700
2020-11-13,237.4783848519156,239.25503419668942,236.5161884635585,238.5095672607422,979200
2020-11-16,239.11384117694666,241.14991365884703,237.26166629378736,240.2895050048828,1522200
2020-11-17,238.0892355967237,241.19916893648923,236.23378359723657,240.0858917236328,1476600
2020-11-18,240.84450300632972,242.427393343599,237.62947451617887,237.6327667236328,1462800
2020-11-19,237.6327622383395,241.51442508236912,235.12378451467282,239.3141632080078,1563600
2020-11-20,239.7312333660623,240.61135018664203,237.6393436374565,237.8363800048828,968700
2020-11-23,238.88067808900692,241.88553144616208,238.55883850362866,241.0875244140625,1046700
2020-11-24,242.8477293373373,245.10710052565307,240.808364784911,241.46844482421875,1643700
2020-11-25,242.61454681045828,243.66542234405492,238.982460596357,240.14170837402344,1005300
2020-11-27,240.38146285502853,243.5078272839577,239.85930972534308,241.6392364501953,418200
2020-11-30,241.00870133060786,245.84272908609537,240.56207356368338,245.52090454101562,2643000
2020-12-01,246.29921593972986,247.94121572363179,242.98895387618344,244.08580017089844,1743300
2020-12-02,244.1613168211496,245.0939735698744,234.47026140608628,235.01869201660156,1773600
2020-12-03,235.02198913889302,236.40784313301234,232.09267611231596,232.5228729248047,1362900
2020-12-04,234.01051389007853,234.47683475587806,230.9005656169274,231.82008361816406,2087100
2020-12-07,232.3553830600494,234.22069664996155,232.0171275428381,233.18951416015625,1911900
2020-12-08,233.6328290494502,236.83801062800316,233.42594615464625,236.20419311523438,1317600
2020-12-09,237.05477458641232,239.35356213355564,234.19441764141865,236.65740966796875,1691400
2020-12-10,235.30769227293067,238.06295411173772,234.08604282928286,236.38812255859375,1383300
2020-12-11,235.97435249397884,237.28466610161357,234.25682739748288,235.9907684326172,1086900
2020-12-14,237.77727394446507,239.73123674008173,236.04988719002068,236.06959533691406,1545300
2020-12-15,237.71160416934148,238.51945782766938,235.53103518403404,237.21571350097656,957600
2020-12-16,238.67048533618922,239.38967476431995,236.38154445481047,237.2649383544922,1149600
2020-12-17,238.77556397253196,239.50461498507974,237.61960839569502,238.4997100830078,1515900
2020-12-18,238.66391911343592,239.55059019914543,235.98747488589805,239.1499481201172,2662800
2020-12-21,236.42096366702563,239.62614559899353,233.66570172062075,239.4586639404297,1051200
2020-12-22,239.73122111191418,243.01192832540812,238.4077838069578,242.05300903320312,1004700
2020-12-23,242.2007971578357,243.21227156603115,237.9053381635051,237.90863037109375,800700
2020-12-24,238.84124084046994,241.44217469155947,238.46030691651717,241.011962890625,326100
2020-12-28,242.39125313902096,242.39125313902096,239.35027589175482,239.51446533203125,513300
2020-12-29,241.03824971494288,241.23528606592407,238.41762265145414,239.9249725341797,586800
2020-12-30,240.40115651440172,241.6687765898663,238.71318620768182,238.78871154785156,642000
2020-12-31,239.21893710824827,241.64908232449005,237.67217083693248,241.3436737060547,920400
2021-01-04,241.369928448981,242.00373094683118,234.70014219050336,237.58676147460938,1224900
2021-01-05,236.60815855682765,239.10070540869603,235.68864048577936,236.40127563476562,1171800
2021-01-06,234.80521956783244,238.42088982348136,234.32905216449845,237.21896362304688,1648800
2021-01-07,237.9939825071566,243.02176904338592,237.757529878892,241.4158935546875,1507200
2021-01-08,240.8838987662249,241.20244613771462,236.83803145718653,239.32730102539062,1203600
2021-01-11,238.32236965247697,242.55871849978666,236.15821707744263,241.35348510742188,781800
2021-01-12,241.05793348313716,243.29433431400693,239.60313871005852,242.73934936523438,926700
2021-01-13,243.4257124537757,243.4257124537757,238.69677968213819,239.1204071044922,1207800
2021-01-14,238.55227049659686,239.11054766964975,235.29454873491443,236.0465850830078,1224300
2021-01-15,235.75756664648762,239.26158722000446,233.84955987128532,238.2698211669922,2126400
2021-01-19,239.56372493552743,242.23689194379654,238.23042612212853,238.28953552246094,1353300
2021-01-20,238.94633958242653,242.03001026725408,237.4652672607026,241.7738494873047,1271700
2021-01-21,242.03002616853985,245.63255796563658,240.99884366530858,241.81655883789062,909600
2021-01-22,240.62116059162875,242.18434259759215,239.04813203029235,240.44383239746094,924900
2021-01-25,241.3962024911028,243.46512179430712,240.31577220001972,241.1367645263672,1200600
2021-01-26,242.1350881874012,242.1350881874012,236.79532357202646,237.64259338378906,1313400
2021-01-27,235.90208868585898,237.34703694719607,231.6952942279026,235.6393585205078,1682100
2021-01-28,234.7592667675446,237.56051433964006,227.17325424982803,233.8364715576172,2002800
2021-01-29,231.82665457743002,231.82665457743002,225.23240846335955,227.18638610839844,2347800
2021-02-01,228.1124628917111,229.7708785249354,223.83343516753388,229.2552947998047,1426500
2021-02-02,229.75446041679544,234.83478731159724,229.75446041679544,233.340576171875,1223100
2021-02-03,236.58188045998065,238.89380673295744,230.10585312980086,230.31930541992188,1769400
2021-02-04,230.98267706553108,237.2780839645609,230.85131949766355,233.26832580566406,1771500
2021-02-05,234.34876167933842,238.44061465764628,234.13201717730772,235.32411193847656,1947300
2021-02-08,237.4192894875161,239.5407487967706,236.89713638735634,237.7641143798828,1424700
2021-02-09,237.81008200166553,238.16804565293648,234.05976182960205,234.15171813964844,1220400
2021-02-10,234.998970672201,235.64920411046592,232.50642419176103,233.92510986328125,1541400
2021-02-11,234.57206591591049,236.93982436981048,234.15171569281947,236.2140655517578,1203000
2021-02-12,235.56381923646578,238.84452612215333,235.55068047403955,236.7920379638672,1308600
2021-02-16,237.1040360774516,237.23210143972074,232.1254969983525,232.31597900390625,1562700
2021-02-17,230.8644292106075,237.7115585250143,229.53113043492368,236.90696716308594,1719600
2021-02-18,235.90209737069273,239.92827156509352,234.81837486010986,238.66720581054688,1444200
2021-02-19,239.4521001147234,239.54076422433033,234.16815212999006,235.4324951171875,1486200
2021-02-22,234.33565532561565,234.80525341526126,230.44740779732481,232.71336364746094,1414200
2021-02-23,231.7346981577633,231.7346981577633,226.940086803762,228.75941467285156,2318400
2021-02-24,228.9301668365798,229.23557542761586,223.37365769873145,223.97792053222656,2742000
2021-02-25,222.85808681749694,224.71683102948325,220.2079049693066,221.0683135986328,2021100
2021-02-26,222.44108318616205,227.4252693009759,222.3949995941481,223.97189331054688,2456100
2021-03-01,225.50598490473817,231.65885261890327,225.50598490473817,228.41616821289062,1862400
2021-03-02,227.5503712163966,229.38075488580432,225.30847522309196,227.0466766357422,1482600
2021-03-03,227.45490190513996,228.4458046453927,221.49956950409117,221.62466430664062,1626900
2021-03-04,220.93659977373437,222.58921935607663,215.36315289095563,217.1309814453125,2100900
2021-03-05,218.4247756442114,222.83942708492054,216.36065868124234,222.4410858154297,2087100
2021-03-08,223.30031737722624,231.3362227335606,222.8756340261771,226.52981567382812,1971600
2021-03-09,228.2877896659417,234.6019654769872,227.97175988763118,232.4324951171875,2317800
2021-03-10,233.76575772331546,236.9096742172742,232.01438542410395,232.4522247314453,1690800
2021-03-11,232.2547034893511,234.41100254496817,231.53044669025016,231.76089477539062,1447200
2021-03-12,231.0695681859747,233.9468390342397,230.47042120261796,233.1205291748047,1228200
2021-03-15,233.1205325063326,236.0307159423828,231.90905240604152,236.0307159423828,818100
2021-03-16,236.20847424618253,237.29155922109186,234.13118625406614,236.05703735351562,1269600
2021-03-17,236.2940919288613,236.58707992053095,233.26868424345804,234.51309204101562,1074600
2021-03-18,233.35426255995583,235.81013527269354,230.04903819127387,233.77894592285156,1385100
2021-03-19,233.24561575968357,235.059543058648,232.35346576943707,232.50161743164062,2829900
2021-03-22,232.5444202811964,237.65368611077795,232.202033359196,237.10720825195312,1058400
2021-03-23,237.70306765683657,243.01973973717494,237.53187419752328,238.98367309570312,1797600
2021-03-24,237.58454022838598,241.1827521970064,237.58454022838598,238.39437866210938,1266600
2021-03-25,238.11785838907642,244.01722099617157,237.0742715300194,243.35223388671875,1431000
2021-03-26,243.3983267354523,250.1964250971755,242.6806554158947,249.87380981445312,1691400
2021-03-29,249.86723872952683,252.83009136268328,247.37185277463632,248.98167419433594,1092600
2021-03-30,248.03683455046817,248.17838561902485,244.32668354169047,245.65997314453125,1084500
2021-03-31,245.66656143830645,246.79901520907228,242.9440278617122,242.95718383789062,1321500
2021-04-01,243.28969141029498,247.6747155228594,241.64037199315425,246.657470703125,1474800
2021-04-05,248.57346182500203,253.32389979596513,247.1117920808244,252.7313232421875,1371100
2021-04-06,251.91161514212249,256.3657497875527,251.18077273163067,255.7435760498047,1908800
2021-04-07,255.71392736278688,256.47438196073625,247.2599092016157,248.58331298828125,1742700
2021-04-08,248.60307671245585,251.81283356688664,248.00062943852262,250.34127807617188,1235900
2021-04-09,251.05237622812365,252.22764351458682,249.6203338058185,252.12887573242188,1554200
2021-04-12,252.56340816863653,255.9706853827956,251.88194971183543,254.41026306152344,1016500
2021-04-13,254.41029073971285,255.151003913369,253.08688681954402,254.22264099121094,694000
2021-04-14,253.81769680891196,254.35101869657422,251.6251847592939,251.891845703125,890600
2021-04-15,252.70170006269205,255.12137513873054,252.67207274150243,253.95599365234375,1181200
2021-04-16,255.58553331639268,265.98514406241725,255.37811194726285,263.6148681640625,2133400
2021-04-19,262.48895164280196,264.562954212924,259.51621362097063,262.3111877441406,1157300
2021-04-20,262.9630318739786,266.41969294887707,261.86676083187064,263.9308776855469,1056900
2021-04-21,265.31357819969907,268.2171459051218,265.0172748675213,267.6048278808594,1168400
2021-04-22,267.5554570850107,268.8591194016943,264.68148658037836,266.39007568359375,1053700
2021-04-23,267.72333802567726,271.04174849072194,265.7876161692228,270.5281982421875,1108900
2021-04-26,270.8541240224644,271.59483721486856,265.6691316756351,266.20245361328125,1230400
2021-04-27,262.1927197477576,267.0221539263611,259.62490807293955,266.1530456542969,1538800
2021-04-28,267.1208896125272,268.1282485488135,264.78024110724664,265.62957763671875,1290000
2021-04-29,267.44681345308504,270.7849655066781,266.7258719499435,270.05413818359375,1686000
2021-04-30,269.23438263275773,271.2293892012106,268.1480275331488,270.4787902832031,1279200
2021-05-03,271.5948402002733,275.99960626040615,271.1602860447771,274.46881103515625,1094300
2021-05-04,273.0861560302594,280.08836129517664,272.6219745461962,279.9895935058594,1644400
2021-05-05,281.31295868581867,281.7277712878507,276.9773336320573,279.77227783203125,1059200
2021-05-06,280.3944859150932,282.8042750079915,280.06855526433645,281.8561706542969,1065400
2021-05-07,281.2141824214933,284.20666208252277,279.5056235263264,283.6733703613281,887800
2021-05-10,285.13502978318854,289.4212859630545,284.4930844590975,285.0757751464844,1497500
2021-05-11,283.8017352971313,284.42393911151805,279.6833874185501,282.3005676269531,1244300
2021-05-12,280.97717910222,283.2882004383537,276.2859959713394,276.3748779296875,1869900
2021-05-13,277.5600407793552,283.46597435571533,276.7106740256839,282.2709655761719,1059300
2021-05-14,283.7918930391885,285.707873389469,282.05367660437054,282.5474853515625,980400
2021-05-17,282.8832504949969,284.019004500532,279.3673348895066,280.71051025390625,1268700
2021-05-18,280.71056856097186,282.9228223975053,279.33776559439934,279.6636962890625,1034700
2021-05-19,277.1353392268842,278.6859059746816,273.7774456697785,277.78717041015625,1035600
2021-05-20,277.45076201094696,282.47767591684254,277.0846323818142,279.6376647949219,1029100
2021-05-21,280.9834679534512,284.3479406950766,279.88504888324144,280.1720275878906,1438400
2021-05-24,280.8745682160414,282.7052463171763,279.7464941085886,281.9927673339844,923300
2021-05-25,282.517236624129,283.6849013176436,281.5969600537528,282.6062927246094,835200
2021-05-26,283.06145162740773,284.09059457791733,282.1411751441239,282.65576171875,960900
2021-05-27,283.1703332621887,285.35723572525967,282.59637592878454,282.7843933105469,2675800
2021-05-28,283.6156492218342,283.882847744468,280.41941372956865,280.5678405761719,1444600
2021-06-01,282.9130686774984,285.6244632060893,279.70692807147924,279.8850402832031,1201600
2021-06-02,282.022471120901,282.586523310842,278.5491320761289,279.45953369140625,1304100
2021-06-03,277.83661593337666,280.0433286526106,275.2242133058292,279.6178283691406,1008100
2021-06-04,280.67664691096775,281.3594102590194,278.4897144442861,280.2412414550781,1049100
2021-06-07,280.0631231591003,281.2308179996101,277.51009112890563,277.876220703125,849500
2021-06-08,278.9944518440373,279.2418399846241,275.8278715650276,278.06427001953125,926100
2021-06-09,276.5898136220904,277.52987032578613,273.2253111494074,274.0664367675781,1879800
2021-06-10,279.0043273746636,279.508978592667,273.5321034945401,274.95703125,1206800
2021-06-11,274.9570182329813,275.8871999145709,272.17637837591326,273.8487243652344,1151900
2021-06-14,273.1659558279965,274.30396536316994,268.6635040278386,270.89990234375,1150000
2021-06-15,272.047767705092,272.047767705092,268.2874503468415,268.7822265625,1325600
2021-06-16,269.4056506394449,269.9202070344995,264.71518175747457,265.675048828125,1251600
2021-06-17,266.8229564859314,267.189086087215,262.943897312847,266.417236328125,1302400
2021-06-18,264.0719620856389,267.2088567556915,263.3297977206693,265.3583984375,2048600
2021-06-21,267.1791768433829,271.63216312410594,266.34795636149744,270.2467956542969,1041800
2021-06-22,270.5733114614658,272.2951532106476,269.148353558088,270.6029968261719,672600
2021-06-23,270.64260268377456,271.6915258943642,268.38642424229477,268.53485107421875,591300
2021-06-24,270.33582447020666,270.33582447020666,266.35783466582046,267.25830078125,892900
2021-06-25,266.9812446535495,271.1967478445117,266.97136966398386,271.1274719238281,1840600
2021-06-28,270.8800679580537,270.8800679580537,267.4166345114409,269.64312744140625,936400
2021-06-29,270.39520560320545,272.7008495126674,269.316597061977,269.93011474609375,647700
2021-06-30,269.8311849394425,270.48429325319796,268.2973905502233,269.6036071777344,971900
2021-07-01,270.82071814940144,272.6513962952037,267.9708021470978,272.46337890625,790300
2021-07-02,272.75035515079674,273.0768941820561,271.09778922019416,272.3446350097656,549200
2021-07-06,272.126937391989,272.3446401498524,266.79323492370804,270.6426086425781,686100
2021-07-07,270.1378841119985,274.7591068354386,269.8014399396509,274.51171875,674400
2021-07-08,271.8300726039612,272.26547810188026,268.3171432547842,270.23687744140625,1166500
2021-07-09,272.84932692735003,273.82897425753225,270.5931483920466,273.3341979980469,698300
2021-07-12,273.7102054672957,276.23355205931045,272.2555622016508,275.0658874511719,731600
2021-07-13,273.8586439274023,275.6893220223118,273.59147563414314,275.1450500488281,1217900
2021-07-14,275.8773570827051,276.6986723915494,272.2753713939265,274.0367736816406,681200
2021-07-15,273.5716444486609,277.05488817802325,273.5716444486609,276.203857421875,824000
2021-07-16,277.2726310552055,280.9042719299204,277.0252429226434,279.45953369140625,1032800
2021-07-19,278.0048907014769,281.21103124092934,275.45182825811924,279.9740905761719,2059700
2021-07-20,273.5914480667943,279.88498659715714,272.9977106095216,278.30169677734375,1661000
2021-07-21,279.28140422867136,279.8652365615973,276.08513888189555,278.88555908203125,1203500
2021-07-22,278.8855329300754,280.8844480574313,278.1928643858984,278.60845947265625,716300
2021-07-23,279.40999995288445,283.44739063861357,279.07355576219743,282.9822998046875,1092900
2021-07-26,282.7745099938629,283.7442520409801,280.4094652080499,282.4974365234375,1344200
2021-07-27,280.0334260183156,285.65410664162164,276.5106218649807,284.7140197753906,1709200
2021-07-28,284.7634969251656,286.31710151532815,283.1406466147286,284.5359191894531,1103100
2021-07-29,286.089473491821,286.722801509101,284.1202739233111,286.3665771484375,964400
2021-07-30,286.50514264138394,288.63267453993484,285.8421291592093,287.9894714355469,1219300
2021-08-02,289.335243935622,290.12687378489176,287.5837168410295,288.5238037109375,879600
2021-08-03,288.38527440681196,292.9965926259674,287.9696792730389,292.88775634765625,863000
2021-08-04,292.1950449331061,294.5996501282508,291.4825659643139,293.1351318359375,920900
2021-08-05,294.1840507341468,295.86627174798093,291.4825617253583,292.5710754394531,956700
2021-08-06,292.462228079187,295.1538120759429,292.462228079187,293.8476257324219,709500
2021-08-09,294.0355966324798,294.7381703378249,292.61063884780685,294.3027648925781,862000
2021-08-10,294.5996262992418,294.98556621721144,292.69970266863595,292.9767761230469,622900
2021-08-11,294.22359432691826,299.86405494306416,293.9762062332056,299.1713562011719,1151500
2021-08-12,298.4094554270659,301.1604102239026,296.42044519885513,300.5369873046875,1325300
2021-08-13,300.5369743597183,304.1191494949653,300.5369743597183,302.46661376953125,911100
2021-08-16,302.1499474702855,305.5936009363433,300.4380108261794,304.544677734375,853700
2021-08-17,302.8327638284271,303.25826417464225,299.3396445561025,301.734375,869900
2021-08-18,301.7343028848944,302.41706619421643,297.7365031070195,297.9640808105469,850300
2021-08-19,296.1400268875185,300.9481446299879,295.3667647740702,300.02618408203125,707500
2021-08-20,300.9382182138402,305.8950343397158,300.5614953476329,304.4079895019531,860200
2021-08-23,304.8045520820642,307.30280696337593,301.94942093428335,302.0882263183594,686800
2021-08-24,302.39552667218095,302.4054499858227,299.9865212696202,300.4920959472656,555900
2021-08-25,298.36068510742473,300.9778986958263,296.98270587647585,300.11541748046875,920900
2021-08-26,300.769715061551,300.769715061551,296.8141550671153,299.65936279296875,673000
2021-08-27,300.8292191080613,302.22701480082696,299.90722820426856,300.25421142578125,682200
2021-08-30,301.9493896768039,304.84418352808433,301.2356069637487,302.673095703125,615100
2021-08-31,302.3658021041621,302.6731223023737,299.99642932968504,301.04730224609375,963100
2021-09-01,300.0063808659869,304.1205328373994,299.4115567878769,303.2679748535156,681900
2021-09-02,303.99166845596284,306.1230935816489,302.92097910878493,306.03387451171875,824600
2021-09-03,304.3584551489904,307.74890067865164,303.1291440893762,304.7748107910156,786800
2021-09-07,299.738698453583,302.425284513341,297.50813103864584,300.2244567871094,938600
2021-09-08,296.10036665214125,296.79433302500075,291.5599363033906,294.1275634765625,1688300
2021-09-09,291.64917443415027,296.73487305238734,290.81643288467393,294.7322998046875,1708800
2021-09-10,294.69264446149293,301.4537187206898,293.45344041965996,298.04345703125,1200200
2021-09-13,300.94813489287094,302.2170785829606,298.1029273399826,299.4610900878906,1190200
2021-09-14,299.4511831191298,299.89730868657574,295.2973686501756,296.27880859375,1067200
2021-09-15,297.8451690714094,298.02360719054815,294.19695967255154,296.8240661621094,606500
2021-09-16,296.32840328542994,296.6654631720034,293.7706690667159,295.4460754394531,643400
2021-09-17,293.849986655376,294.4745503479641,290.48925069202284,291.2030334472656,1862100
2021-09-20,286.5237817124412,290.8064780054718,285.6514075081607,289.2500305175781,1101600
2021-09-21,290.9453128027536,291.2129700028882,287.1582977276267,287.85223388671875,802700
2021-09-22,289.33928809197545,291.7582170468603,287.971232104646,289.4681701660156,812600
2021-09-23,290.8065044554069,293.0767348652916,289.80521784916823,291.7086486816406,854100
2021-09-24,290.43969347415253,291.3021746637184,288.55610934404234,289.27978515625,746700
2021-09-27,287.46564038798,288.8436197535161,284.967415562873,285.1260070800781,783700
2021-09-28,283.2622317497846,283.9859075582798,276.29294932632513,277.2049865722656,1619700
2021-09-29,271.09816014773673,282.99451801881946,269.6607017240491,279.8221740722656,2580900
2021-09-30,280.8532311587117,281.7454823966323,276.36235629414836,277.3140869140625,1670800
2021-10-01,278.3549689569381,287.1979423580604,277.8196243369092,282.57818603515625,1797800
2021-10-04,282.5186991116396,286.5039683333471,281.2596484695497,282.8260192871094,1483500
2021-10-05,283.65879697973037,290.3604228314958,282.57821457088795,288.82379150390625,1571300
2021-10-06,287.2177628319932,291.47071965793197,285.4729538256581,291.3219909667969,1409100
2021-10-07,293.75083913345287,297.2007940990303,290.44961285703357,291.21295166015625,1426300
2021-10-08,291.21297892677967,292.3133777039494,285.5523027692316,287.4854431152344,1171400
2021-10-11,286.50399986789023,289.95395511760375,285.7802937518677,285.8001403808594,855200
2021-10-12,286.7022642918706,290.7965691051513,285.79019678918485,289.3392639160156,1237700
2021-10-13,290.96510266448325,290.96510266448325,284.11477924043686,287.43585205078125,838100
2021-10-14,286.2561353417301,289.83494211360386,282.56826288145305,289.6961669921875,1079300
2021-10-15,291.5004599776328,294.67280424129814,289.3789280899642,293.8301696777344,1058700
2021-10-18,292.2638195514115,294.8215538732802,291.7185818240249,294.7818908691406,757200
2021-10-19,296.27880427345985,296.27880427345985,293.4732596076041,295.7038269042969,656900
2021-10-20,296.7348784154822,299.32232217804767,294.78189145036265,299.27276611328125,847100
2021-10-21,299.2826813213588,304.2890538874732,297.97407450368684,304.13043212890625,970600
2021-10-22,304.13042351188517,305.78601348863845,303.5950788736407,303.9718017578125,653600
2021-10-25,305.33989785104893,308.06614693900474,304.0907704058306,307.0450439453125,1052900
2021-10-26,307.0350889911262,316.09616318436946,299.41150354318427,313.29058837890625,1931600
2021-10-27,314.8569866317834,318.8918424789055,313.5781195178735,314.6388854980469,1365400
2021-10-28,313.94492972948024,321.0232783745306,311.78376494724654,318.6440124511719,1152000
2021-10-29,318.5349383942167,320.7060264339821,311.88289914548693,313.8755187988281,1524700
2021-11-01,313.88543570086324,315.2832615509243,307.3721717146232,307.4118347167969,1284000
2021-11-02,308.6411193099847,311.4764340472979,308.2346869852083,310.0885314941406,994800
2021-11-03,311.5061743995957,312.21003386483846,307.590277299908,311.54583740234375,1281600
2021-11-04,310.29672255249915,316.15568346823653,310.2471664875604,315.83843994140625,1040900
2021-11-05,316.1655922460917,319.5461144252941,314.56948162474373,316.2746276855469,1098500
2021-11-08,317.55349238183413,319.69484069220084,316.6612714826829,318.0293273925781,765200
2021-11-09,317.8508523167467,321.8361515925163,316.601725050729,321.251220703125,781000
2021-11-10,320.51766681070904,322.8671929962581,320.51766681070904,321.8064270019531,973200
2021-11-11,321.15216550055,323.2934836874619,320.21035822768886,323.1844482421875,620600
2021-11-12,324.22534449777794,328.6369231392587,323.1844251686225,328.53778076171875,1212700
2021-11-15,327.42743953544976,330.1239486747248,325.02832725734305,329.9752502441406,852200
2021-11-16,330.50072057802873,337.1329438522792,330.0050388998576,335.7153015136719,1334500
2021-11-17,335.11052708853606,337.5096395290236,330.08430801656846,330.2825927734375,1131600
2021-11-18,331.0472005014451,333.14242137103315,328.0681928016479,328.4256591796875,1126100
2021-11-19,329.59743234301595,332.42746547559113,327.01561955340696,329.92510986328125,1355800
2021-11-22,330.36201892459735,333.1622933728057,327.4624381611412,327.5021667480469,971800
2021-11-23,326.6978689785813,328.9321249214439,323.80822765599464,325.19842529296875,1024700
2021-11-24,324.71184918834234,326.2609308151933,323.9571575174026,325.7247009277344,907200
2021-11-26,321.6534067772055,326.42974672897225,320.73983107627845,321.0377197265625,1030600
2021-11-29,323.0634720315716,332.9140714556746,321.3455665720921,331.94091796875,1629500
2021-11-30,330.61029676178435,335.1681751791505,327.09505898022087,328.92218017578125,2644800
2021-12-01,331.06708519315663,337.29323134887494,328.5150610499938,328.6342468261719,1813400
2021-12-02,329.40873986814074,340.52044059242934,328.4455262028099,337.2931823730469,1482400
2021-12-03,337.7797731948964,344.61163603555127,334.5326655529143,340.00408935546875,1794700
2021-12-06,342.8838157092566,342.9732126186418,337.4620295232125,338.7430114746094,1123600
2021-12-07,342.2085424022589,343.40015761336537,338.7032445261616,339.37847900390625,1261500
2021-12-08,340.1033874137061,341.6723181736936,336.70730521874896,339.8253479003906,841200
2021-12-09,341.48365507997494,344.8797067672132,340.71902373619184,341.4637756347656,668300
2021-12-10,343.9860370400468,345.68406301443065,341.3843750559874,344.0356750488281,659700
2021-12-13,344.3435195915434,346.1110631043921,340.78858342220894,343.57891845703125,1007900
2021-12-14,343.926447872986,343.926447872986,337.6804531918161,340.361572265625,918800
2021-12-15,336.4193616297539,343.28101327895786,335.7341874067659,343.221435546875,1413500
2021-12-16,345.0286603630878,347.27285584175456,343.1221124217347,345.8131408691406,944500
2021-12-17,344.23427754420595,344.23427754420595,336.31010605728994,338.05780029296875,2325600
2021-12-20,335.2476125848794,335.6348981671635,326.6978742514698,333.341064453125,1153600
2021-12-21,334.4233983926767,336.92575391532944,330.213077267696,332.1494140625,1045100
2021-12-22,331.66284977706005,336.83638454743533,331.33517227123434,336.3498229980469,454100
2021-12-23,336.15124216007183,339.7359974419237,335.39658076181536,336.0122375488281,785600
2021-12-27,336.8860847842252,344.10520305558356,336.8860847842252,343.1320495605469,842000
2021-12-28,345.26701353563567,347.22322985503206,343.6583238803887,345.96209716796875,601200
2021-12-29,345.33649161057605,349.9043094768637,345.31664246869985,348.9013671875,484700
2021-12-30,349.5865324314746,351.6718438283456,347.32248785019453,347.9083557128906,410700
2021-12-31,347.12392767249065,350.79801912613203,346.79621984279873,349.69580078125,852100
2022-01-03,346.04155996993364,347.9381985889291,333.013340289127,336.7470397949219,1484100
2022-01-04,331.98062157512373,335.3170956151392,330.0740433350913,333.3708190917969,1707700
2022-01-05,334.1751931716969,340.1729378886001,331.65295786062234,333.9964599609375,1182500
2022-01-06,333.5098460572748,335.108596036689,330.5209287719932,331.2259521484375,947100
2022-01-07,330.6698461082063,330.84857929259425,320.4319923362057,320.9582824707031,1325500
2022-01-10,320.0447171535709,321.1966037747252,314.8513330914065,321.0377197265625,1603700
2022-01-11,321.15691013903125,322.39816337323623,315.8443402358272,322.2293395996094,1063600
2022-01-12,323.07339050286754,323.7287758320878,317.06570680369794,319.3396911621094,1191400
2022-01-13,319.9851360859397,322.22933157478354,314.42434597841503,315.1690979003906,1064300
2022-01-14,308.0690874360896,311.25664729585793,301.87276150253814,306.3015441894531,2622700
2022-01-18,298.6057862799232,304.80214275622063,295.69629610132114,304.0772399902344,2738200
2022-01-19,304.5141580040516,307.03639290310355,301.4457838377708,301.66424560546875,1859800
2022-01-20,303.1835517554185,305.4178075365187,294.6735124628821,295.5771484375,1501300
2022-01-21,295.5771517555811,299.73783499230393,290.71144517181494,290.8008117675781,2124900
2022-01-24,285.2399935626023,297.5433101807428,282.90643141868975,296.4311218261719,2987300
2022-01-25,292.4492089049086,296.85814292571985,288.4871078769962,292.2009582519531,2908000
2022-01-26,292.93579414296005,297.8908678787982,289.6787465253286,290.7015380859375,3524100
2022-01-27,288.24877098588127,292.87616637668117,277.8520333643445,281.18853759765625,3374500
2022-01-28,280.40407804458147,285.8358034595255,271.86424965398834,285.6868591308594,2316800
2022-01-31,284.9917190009757,286.8784177001061,281.21832160271475,284.5051574707031,2498700
2022-02-01,286.70964681742487,292.24064817595286,282.6979078953189,291.03912353515625,2221000
2022-02-02,291.64487180939943,293.6805149903393,288.13957389082236,292.2605285644531,1190100
2022-02-03,289.4701595698513,292.02215288530283,285.388903662271,285.8158874511719,998800
2022-02-04,284.0185648741316,284.0980220445944,278.64641769877227,279.75860595703125,1459700
2022-02-07,280.17563368859624,280.7019237720834,277.2661437988281,277.2661437988281,1474900
2022-02-08,278.1399964822568,279.03369263987025,276.0348361052912,277.7130126953125,1125900
2022-02-09,281.0197457102689,286.4812602028713,280.98001711973825,284.6144104003906,1086400
2022-02-10,281.19848050593646,283.42282702773383,276.5611751443669,277.9712219238281,1215200
2022-02-11,276.98815763509026,277.97122054717244,270.2953295675556,271.18902587890625,1265100
2022-02-14,271.62595755773907,272.72817597031076,267.2964501788294,268.5873718261719,1074700
2022-02-15,272.8175402212031,273.1253686204761,268.349028265779,269.66973876953125,1166900
2022-02-16,269.9576586810269,271.1393341397793,265.0125253769017,270.7222900390625,924000
2022-02-17,269.3519270202535,271.14925911355925,264.59543657963343,265.3501281738281,946100
2022-02-18,265.8168680310917,269.59026578398095,264.4961576047564,266.1942138671875,1317400
2022-02-22,263.9996531300108,264.8536511125925,257.316765116712,259.7496032714844,2088600
2022-02-23,261.06037849833353,262.2519937445992,257.3366187337965,257.5848693847656,2101400
2022-02-24,251.74604016076657,257.76361874119533,249.6706530730134,257.12811279296875,2010200
2022-02-25,258.33238909971146,266.1356368879358,257.94423445908694,266.01617431640625,1423800
2022-02-28,263.4881301622207,265.54839645476835,259.606401239158,261.8956298828125,2315000
2022-03-01,260.29315858078553,262.22406017279224,252.75867851073946,254.33126831054688,2311200
2022-03-02,254.84881635028825,259.9547555597564,254.38103516768612,258.999267578125,1449300
2022-03-03,261.587073270342,262.69185148888147,255.0180289355428,256.8294982910156,997900
2022-03-04,254.2616048618713,257.5361642877382,252.3307032677897,257.2773742675781,1643700
2022-03-07,256.2422651409312,257.2873272410809,241.76050373888327,241.81027221679688,2197700
2022-03-08,241.31263220339406,246.91622599465106,235.09195177338697,238.72483825683594,2049100
2022-03-09,240.84483329681493,243.39282154429796,236.89345591409526,240.57611083984375,1887100
2022-03-10,237.26173134674238,238.31675631034582,234.7436011412488,236.4356231689453,1672300
2022-03-11,236.89346516346922,238.008221455674,232.22547919269294,232.49420166015625,1269900
2022-03-14,233.75823380246538,238.54566687309907,232.31503902787966,236.51524353027344,1340700
2022-03-15,238.60537974868762,243.33309665522938,238.14754619520602,241.30267333984375,1757500
2022-03-16,243.8307577404478,248.4290949532379,238.53572255753608,243.23358154296875,1651100
2022-03-17,241.37233408368556,246.36878856308977,240.35713003211498,246.3588409423828,1409000
2022-03-18,246.96599256818845,251.44488244320266,243.7312387695671,250.35003662109375,2068300
2022-03-21,250.0215911217359,250.69840906696743,242.9947127604321,244.66683959960938,1135900
2022-03-22,250.3102291617199,250.9671214630868,247.38401870098483,248.9964141845703,1400300
2022-03-23,247.2546264429569,248.5883366772463,245.6422309414192,246.47828674316406,1276500
2022-03-24,247.29443261048138,248.83714910994922,245.4431576239128,248.7575225830078,1369800
2022-03-25,248.1205391691963,249.61350246005173,243.3132107373848,244.0596923828125,1143300
2022-03-28,244.38813009454333,249.44430091117107,242.96484571872344,249.4044952392578,1282100
2022-03-29,257.83475093040136,263.1895175172769,255.1175771516959,258.13336181640625,1904000
2022-03-30,255.7943774246871,256.89915568131534,251.00694423046627,251.82308959960938,1157500
2022-03-31,252.26102457985465,254.30141075643786,248.44898986816403,248.44898986816406,1816700
2022-04-01,250.1808415885015,254.17202474433162,248.4689090937375,254.01278686523438,1378300
2022-04-04,252.62928546268776,257.86458906617895,251.13632227121647,257.8247985839844,1587500
2022-04-05,257.0683699753982,261.07946344795914,255.54554864150816,256.75982666015625,1603300
2022-04-06,254.70947301580017,262.41315323749285,253.10702527577664,261.39794921875,1671300
2022-04-07,260.0343950611955,262.970537889739,257.11811710007936,262.5923156738281,1559400
2022-04-08,263.7568478267912,265.51853357371255,261.16903871662635,262.5226745605469,1131300
2022-04-11,260.85050521083207,263.21934490822997,259.50686269077653,259.8751220703125,995900
2022-04-12,261.75627267282175,263.9559271675498,254.63982025457852,255.74462890625,857600
2022-04-13,254.54029513165548,258.5016201701724,253.03736902256793,257.18780517578125,1282300
2022-04-14,258.6210381158851,260.03438999394467,251.56430228235047,251.71359252929688,1246800
2022-04-18,248.58833769042008,251.39511599127067,244.22889517086367,245.0151824951172,1389300
2022-04-19,245.4929298316696,252.6591659365434,245.4929298316696,251.06666564941406,1275500
2022-04-20,253.83361153505047,257.4565502821622,249.8424285652903,251.9027099609375,1705500
2022-04-21,255.18724719356302,257.21765535063196,250.1509717231527,250.42965698242188,1408400
2022-04-22,249.97181175702931,249.97181175702931,243.49235660692165,243.7710418701172,1426500
2022-04-25,243.98004928462524,247.1849448130175,239.57082343434854,246.8564910888672,1738500
2022-04-26,267.51910810176344,274.64552302248705,265.07065686659234,270.0969543457031,5011900
2022-04-27,271.4605314958477,282.65775628383693,271.17191379311475,278.06939697265625,3950200
2022-04-28,281.67240028874045,283.3644374579088,274.9640284610405,279.9903259277344,2367100
2022-04-29,278.71632799396264,283.6630140504506,272.6150800599185,273.67010498046875,3099500
2022-05-02,272.5155433563362,276.894926473351,264.6625725442271,267.51910400390625,2870700
2022-05-03,267.2304466492381,269.8082927640606,264.6725261497914,268.1063232421875,2007000
2022-05-04,269.1713394883042,281.82170701516264,268.94240750809405,281.2046203613281,2059100
2022-05-05,278.79593646676017,280.8363377539388,272.3264291953235,275.6507873535156,2130000
2022-05-06,274.47633728508055,274.47633728508055,266.88215553659177,272.0975646972656,1758600
2022-05-09,268.7234480715122,279.5225560280799,268.2556516598174,275.67071533203125,2280300
2022-05-10,277.36270792476023,278.6864552223245,263.9359719810552,265.1203918457031,2208700
2022-05-11,264.1151409213254,270.19649376799384,262.5425663086351,263.42840576171875,1376500
2022-05-12,261.1889670667084,273.81940868431377,259.77561510636747,273.2521057128906,2637500
2022-05-13,274.36681590827817,276.6062606140481,269.22105626405636,272.0477294921875,1501600
2022-05-16,269.3504727176521,273.4212822176939,264.07534802919093,270.0969543457031,1278700
2022-05-17,274.00849996024726,275.1531293775646,265.40904773957567,267.9968566894531,1603800
2022-05-18,265.15026632793496,266.722871289546,256.8493943278216,258.44189453125,1526900
2022-05-19,257.1250438425757,262.6917474711577,254.55121290580945,258.75115966796875,1690300
2022-05-20,259.8884538191467,261.6841469859039,249.5830833198704,257.3345642089844,2576100
2022-05-23,259.988166275355,261.1753293542641,256.7559067030717,258.6513671875,1290300
2022-05-24,258.7711169110405,259.3995881740457,253.59348245626836,257.0352478027344,1450700
2022-05-25,256.5962961272788,264.82661187463486,255.1497588282805,264.4874267578125,1420800
2022-05-26,269.62511949504136,273.6155754162336,265.7643582624499,271.3210754394531,1363900
2022-05-27,273.4460117427937,275.72057051365965,271.85980908828645,275.6906433105469,1180100
2022-05-31,272.0593228064768,272.0593228064768,264.36772689933605,267.4004821777344,4118300
2022-06-01,269.47549525539034,269.47549525539034,262.8014550001489,264.6271057128906,1202100
2022-06-02,265.9139972922945,269.1263155631484,264.4375480693236,268.84698486328125,2271600
2022-06-03,266.1634101309793,272.77759599879784,265.77435649186503,268.23846435546875,1395800
2022-06-06,268.34818216633977,275.2317431747018,267.5401172557518,274.373779296875,1220000
2022-06-07,271.4807049491981,277.6459522137343,270.802334730299,276.56854248046875,1293200
2022-06-08,274.36381278970583,275.1120233482556,266.2931185515205,267.44036865234375,1154600
2022-06-09,266.662226921777,273.196617302751,261.24518986521616,261.3648986816406,1593100
2022-06-10,257.5141192986368,257.6836966378716,246.6301463724035,246.8296661376953,1513800
2022-06-13,240.87391128396004,244.66484774921955,236.06541943955312,237.29248046875,1635600
2022-06-14,236.35471545915934,238.62927424226243,226.39853164733915,228.93246459960938,1539000
2022-06-15,231.1671159753561,232.95283832729262,223.86457423038848,228.44363403320312,1580200
2022-06-16,222.75722288445294,223.2859723079101,215.60433234647797,218.42758178710938,1553000
2022-06-17,218.03851977061836,225.74010129327652,213.70887853757486,222.2584228515625,2627900
2022-06-21,221.1710301519679,223.62516739407974,216.71169416472262,219.62472534179688,2509400
2022-06-22,214.61671655309692,223.01662507067675,214.49699251526025,220.67222595214844,2370500
2022-06-23,221.5301744717895,224.78240603127193,219.96392832211012,224.35342407226562,2481900
2022-06-24,226.45838260135133,231.10726758918244,225.46076858108106,230.6982421875,2744300
2022-06-27,229.81037339327767,230.65835142556594,225.64033874453102,226.61801147460938,1633400
2022-06-28,228.543399155705,230.81795797285568,222.278384136903,222.77719116210938,1143300
2022-06-29,221.78955349367064,225.78000952438182,220.56247730411212,224.87217712402344,1266800
2022-06-30,223.46554454951647,225.06173309953732,218.08840549268902,223.37576293945312,1548400
2022-07-01,224.46315955602844,234.92813634160933,223.84464372085858,234.6687469482422,2295800
2022-07-05,232.44406547868206,242.08102051627716,230.41891024616478,241.65203857421875,2331100
2022-07-06,242.26057990320606,246.45055565521147,239.7964721074846,242.16082763671875,1817700
2022-07-07,240.21548044769423,245.17362349493516,238.6392636440886,238.91859436035156,1528300
2022-07-08,237.9309411866483,239.0881770906552,235.59652805856604,237.721435546875,923500
2022-07-11,235.6763371249978,243.0886018472163,235.4468749446056,241.3826904296875,1214200
2022-07-12,244.49524571852865,251.57829612334044,243.0287518921164,245.97171020507812,1691000
2022-07-13,239.427359483084,245.98169075567657,237.3024367965095,245.1337127685547,1308500
2022-07-14,241.69196034237382,244.57506434020453,240.00599016099093,243.85678100585938,1098300
2022-07-15,248.0267957019324,248.46574831148249,243.22827464480744,244.9840850830078,1109600
2022-07-18,245.5227934797883,246.50045098264042,241.49243943163512,242.66961669921875,1269600
2022-07-19,245.62255227491084,247.41824531628455,242.47008834769363,246.88951110839844,1034900
2022-07-20,247.65768658827466,249.92227473193296,245.59261820907304,248.93463134765625,1062800
2022-07-21,249.86241948119192,256.4765902237737,249.12417961057426,255.977783203125,1087000
2022-07-22,258.0328719137899,262.61191682037395,256.2471342122794,258.39202880859375,1496900
2022-07-25,257.1948797522678,259.22003508713743,255.15975375680244,258.39202880859375,1194600
2022-07-26,256.3867987018898,256.66612940486397,251.93743355186123,253.68325805664062,1366300
2022-07-27,225.65032638209854,232.723406405197,220.21333280643924,231.41653442382812,7253600
2022-07-28,230.27925442350218,245.0239889566146,229.96001061876882,242.46011352539062,2498400
2022-07-29,242.42021565637265,245.4529556893695,240.90383802868297,241.3627471923828,1974000
2022-08-01,239.80646896985306,243.15845276941147,238.26016415587426,242.50999450683594,2162200
2022-08-02,243.50759801713417,244.7845427214963,238.878669658226,243.02874755859375,1980000
2022-08-03,242.2106995407599,242.64965214210144,237.25257190028387,238.74899291992188,1887400
2022-08-04,238.99840402911363,244.17600813503324,238.99840402911363,242.50999450683594,1016700
2022-08-05,239.43732970452294,240.245409828099,235.1675430193511,236.5143280029297,1955100
2022-08-08,239.22784262802924,242.33042280783712,238.15041767060848,239.91619873046875,1518600
2022-08-09,238.8986395856071,239.6268935853708,231.62602458134108,231.80560302734375,2056700
2022-08-10,237.31242848628816,246.63013980082164,236.60411583263576,243.158447265625,2464800
2022-08-11,245.6524837358615,246.74985003323712,241.53233292904105,243.40785217285156,1624800
2022-08-12,244.52516782214167,251.21916445104452,244.07624456721786,251.00965881347656,1479100
2022-08-15,251.54836357932078,257.6537563776801,250.7402986762887,256.7259826660156,1333600
2022-08-16,254.74075095153324,258.30224037756165,254.5112887624445,255.65853881835938,1369200
2022-08-17,251.75787097296183,253.5336226845105,249.45338505642295,250.8699951171875,1419500
2022-08-18,250.80999755859375,251.9600067138672,247.44000244140625,248.97000122070312,1262600
2022-08-19,247.99000549316406,248.8699951171875,244.13999938964844,244.5800018310547,939900
2022-08-22,241.49000549316406,244.52999877929688,240.42999267578125,241.44000244140625,1065400
2022-08-23,239.36000061035156,240.85000610351562,236.9499969482422,238.0800018310547,1241300
2022-08-24,238.25999450683594,242.69000244140625,237.1199951171875,239.52999877929688,1464200
2022-08-25,241.32000732421875,244.6300048828125,240.05999755859375,244.52999877929688,825300
2022-08-26,245.0,245.0,235.52999877929688,235.6999969482422,1184000
2022-08-29,233.8300018310547,236.3699951171875,231.63999938964844,234.00999450683594,1255700
2022-08-30,235.94000244140625,238.1699981689453,234.41000366210938,235.0,1343600
2022-08-31,237.9199981689453,237.99000549316406,232.05999755859375,232.10000610351562,1742500
2022-09-01,231.08999633789062,233.41000366210938,230.0800018310547,232.3300018310547,1575000
2022-09-02,235.25,236.25999450683594,230.85000610351562,231.80999755859375,1199100
2022-09-06,232.5,232.75,227.8699951171875,228.3800048828125,1303000
2022-09-07,229.60000610351562,238.7100067138672,228.24000549316406,238.64999389648438,1434500
2022-09-08,236.75,241.1300048828125,235.49000549316406,240.77999877929688,1179700
2022-09-09,241.1999969482422,242.36000061035156,239.50999450683594,240.35000610351562,1318300
2022-09-12,241.92999267578125,244.82000732421875,241.0,242.97000122070312,1477800
2022-09-13,236.1300048828125,236.74000549316406,230.25999450683594,230.86000061035156,1084200
2022-09-14,230.05999755859375,230.41000366210938,223.8699951171875,225.85000610351562,1360900
2022-09-15,225.99000549316406,229.86000061035156,223.52999877929688,223.8699951171875,1100000
2022-09-16,219.6999969482422,223.1699981689453,219.6999969482422,221.55999755859375,2410700
2022-09-19,220.86000061035156,223.50999450683594,220.57000732421875,223.17999267578125,1159800
2022-09-20,220.0,220.52000427246094,217.07000732421875,218.8300018310547,1188000
2022-09-21,220.08999633789062,221.14999389648438,213.66000366210938,213.83999633789062,1197100
2022-09-22,211.72000122070312,212.5,207.67999267578125,208.0500030517578,2213900
2022-09-23,206.47000122070312,212.94000244140625,206.39999389648438,211.22000122070312,1610600
2022-09-26,211.0500030517578,212.32000732421875,206.83999633789062,209.0,1783300
2022-09-27,211.41000366210938,212.7100067138672,206.0399932861328,208.55999755859375,1538200
2022-09-28,211.67999267578125,214.19000244140625,208.17999267578125,213.07000732421875,1579500
2022-09-29,211.24000549316406,211.64999389648438,206.32000732421875,207.83999633789062,1100800
2022-09-30,208.41000366210938,210.75,204.57000732421875,204.75,1512200
2022-10-03,206.83999633789062,216.05999755859375,206.64999389648438,214.3800048828125,1606400
2022-10-04,217.25999450683594,221.39999389648438,216.67999267578125,219.50999450683594,1704400
2022-10-05,216.58999633789062,219.7100067138672,216.58999633789062,217.3699951171875,1363200
2022-10-06,217.3000030517578,220.49000549316406,215.85000610351562,216.77000427246094,1178100
2022-10-07,213.7100067138672,214.8000030517578,204.0500030517578,205.60000610351562,1198900
2022-10-10,205.14999389648438,207.47999572753906,200.24000549316406,205.8000030517578,1621700
2022-10-11,204.19000244140625,208.5500030517578,202.3699951171875,204.50999450683594,1228300
